"Method","samp1","samp2","HeS","HoS","DL","HD","DR"
"CbMPDiCbraya","S1_10B","S10_1B",7.00928636736639e-05,0.697360923617354,0.141816470752026,0.00783590418908066,0.152916608577866
"CbMPDiCbraya","S1_10B","S11_1Z",0.000210826557065559,0.60775104497186,0.142886476286272,0.0226695907747763,0.226482061410026
"CbMPDiCbraya","S1_10B","S12_1D",0.000213302256450198,0.73329421441919,0.135266621633411,0.0107243422243336,0.120501519466615
"CbMPDiCbraya","S1_10B","S13_2B",0.00426405286425689,0.595899568695586,0.255417325325893,0.0108352231467334,0.133583829967531
"CbMPDiCbraya","S1_10B","S14_2Z",0.00212120635089316,0.621989446035063,0.223652805317501,0.0142684841727825,0.137968058123761
"CbMPDiCbraya","S1_10B","S15_2D",0.00233441242515684,0.618793235533383,0.260642432083231,0.0131186859873309,0.105111233970898
"CbMPDiCbraya","S1_10B","S16_3B",0.00117273930982719,0.447034374005163,0.414771104499608,0.0700142263881209,0.0670075557972809
"CbMPDiCbraya","S1_10B","S17_3Z",0.000217941780585034,0.52593122704025,0.367907852551511,0.00642319523644867,0.0995197833912054
"CbMPDiCbraya","S1_10B","S18_3D",0.000120912625921379,0.495666715131465,0.405375753793114,0.00934536989690625,0.0894912485525943
"CbMPDiCbraya","S1_10B","S19_4B",0.00117273930982719,0.447034374005163,0.41697728504242,0.0732956485714306,0.0615199530711595
"CbMPDiCbraya","S1_10B","S2_10Z",0,0.568442381317933,0.1067782620592,0.0363086619738582,0.288470694649009
"CbMPDiCbraya","S1_10B","S20_4Z",0.000217941780585034,0.52593122704025,0.367642277081199,0.00682115663316699,0.0993873974647986
"CbMPDiCbraya","S1_10B","S21_4D",0.000120912625921379,0.495666715131465,0.411205037150458,0.00934536989690625,0.0836619651952495
"CbMPDiCbraya","S1_10B","S22_5B",0.0139515578550563,0.507247990802865,0.132083093553275,0.00131427189220929,0.345403085896594
"CbMPDiCbraya","S1_10B","S23_5Z",0.00974804203129579,0.364739460263087,0.416858059466154,0.00457143216725565,0.204083006072208
"CbMPDiCbraya","S1_10B","S24_5D",0.0643637705886857,0.420531876192589,0.249210491353521,0.00983566823467397,0.25605819363053
"CbMPDiCbraya","S1_10B","S25_6B",0.0241534865486128,0.490869443165308,0.12619762650976,0.00134518573711908,0.3574342580392
"CbMPDiCbraya","S1_10B","S26_6Z",0.0630622621772926,0.416886168058946,0.392505893190057,0.000991308011970395,0.126554368561734
"CbMPDiCbraya","S1_10B","S27_6D",0.0703805807223855,0.436238954865244,0.373623710006544,0.000760920901909979,0.118995833503916
"CbMPDiCbraya","S1_10B","S28_7B",0.0806834049430316,0.47535579814281,0.275265131565455,0.0111677216428747,0.157527943705829
"CbMPDiCbraya","S1_10B","S29_7Z",0.0739797846572461,0.511800872561433,0.29007395439858,0.00737458128713039,0.116770807095611
"CbMPDiCbraya","S1_10B","S3_10D",0.000993613238289255,0.465861622567212,0.0488261861309309,0.0825623221931791,0.401756255870389
"CbMPDiCbraya","S1_10B","S30_7D",0.0642024463642677,0.564117207029784,0.248228253404001,0.00100345485311508,0.122448638348833
"CbMPDiCbraya","S1_10B","S31_8B",0.0656441002512226,0.484197627551959,0.196259959777131,0.00506133158461573,0.248836980835072
"CbMPDiCbraya","S1_10B","S32_8Z",0.0358324122074192,0.624107655376265,0.0731156758038253,0.00271884282034259,0.264225413792147
"CbMPDiCbraya","S1_10B","S33_8D",0.0177412406452661,0.492322813464163,0.306336902837919,0.00151019757560387,0.182088845477048
"CbMPDiCbraya","S1_10B","S34_9B",0,0.379159283686701,0.461924930626201,0.00442693210939277,0.154488853577704
"CbMPDiCbraya","S1_10B","S35_9Z",0,0.430744565811738,0.386260676123323,0.0104321250992711,0.172562632965668
"CbMPDiCbraya","S1_10B","S36_9D",0.0667727089708768,0.427823701612918,0.290505651531014,0.00589618966315641,0.209001748222035
"CbMPDiCbraya","S1_10B","S4_11B",0,0.499377837020919,0.262316284236183,0.0125609092472641,0.225744969495635
"CbMPDiCbraya","S1_10B","S5_11Z",0.000168071697369019,0.496229332465771,0.271764101765461,0.0173758381013236,0.214462655970075
"CbMPDiCbraya","S1_10B","S6_11D",0.000358951432345699,0.477773214040126,0.23723051182013,0.0129037006814692,0.271733622025929
"CbMPDiCbraya","S1_10B","S7_12B",0.000444211515523909,0.64622837590597,0.119951876655531,0.00819263795444805,0.225182897968527
"CbMPDiCbraya","S1_10B","S8_12Z",0.000258673549822024,0.53783852490845,0.217591542903552,0.00531363232169685,0.238997626316478
"CbMPDiCbraya","S1_10B","S9_12D",0.000794583209401574,0.584317228624524,0.205208334943715,0.00769223702286976,0.201987616199489
"CbMPDiCbraya","S10_1B","S11_1Z",0,0.75809429234393,0.00032608591608577,0.0668616099612946,0.174718011778689
"CbMPDiCbraya","S10_1B","S12_1D",0,0.802366280057595,0.0428284561797503,0.0179109007330779,0.136894363029577
"CbMPDiCbraya","S10_1B","S13_2B",0.0108897014884218,0.771775447265918,0.0458149680867468,0.0212826697935061,0.150237213365408
"CbMPDiCbraya","S10_1B","S14_2Z",0.00105431794915337,0.761754337886538,0.0661386597579677,0.0161788499128817,0.154873834493459
"CbMPDiCbraya","S10_1B","S15_2D",0.00953946548061526,0.786131040281884,0.0504298085063813,0.0359499637887558,0.117949721942363
"CbMPDiCbraya","S10_1B","S16_3B",0.0010131531485098,0.458920131480809,0.418162543716523,0.0274183772088403,0.0944857944453178
"CbMPDiCbraya","S10_1B","S17_3Z",0.000506865408935685,0.589434587295146,0.284490440933198,0.010138029756787,0.115430076605933
"CbMPDiCbraya","S10_1B","S18_3D",5.40191882251797e-05,0.618544622431558,0.242850732589365,0.012539781065876,0.126010844724976
"CbMPDiCbraya","S10_1B","S19_4B",0.0010131531485098,0.458920131480809,0.429671339694586,0.0339266577995791,0.0764687178765154
"CbMPDiCbraya","S10_1B","S2_10Z",0.000243037411545081,0.5835298668673,0.173256263508265,0.00744229538782555,0.235528536825065
"CbMPDiCbraya","S10_1B","S20_4Z",0.000506865408935685,0.589434587295146,0.284490440933198,0.0105215635681674,0.115046542794553
"CbMPDiCbraya","S10_1B","S21_4D",5.40191882251797e-05,0.618544622431558,0.243191134894194,0.00838939676761642,0.129820826718406
"CbMPDiCbraya","S10_1B","S22_5B",0.0162413885662703,0.522929913766707,0.155819153739906,0.00175683106567823,0.303252712861438
"CbMPDiCbraya","S10_1B","S23_5Z",0.00454597757818703,0.693232100314571,0.0368578144435521,0.00406672529723361,0.261297382366457
"CbMPDiCbraya","S10_1B","S24_5D",0.0142086412530423,0.449619706007915,0.358302831821343,0.00246034418263714,0.175408476735062
"CbMPDiCbraya","S10_1B","S25_6B",0.0430126650917923,0.402066283678445,0.263929874035002,0.00182397999210906,0.289167197202652
"CbMPDiCbraya","S10_1B","S26_6Z",0.0348650358823664,0.276050229361247,0.599051887647472,0.00243720893564764,0.0875956381732671
"CbMPDiCbraya","S10_1B","S27_6D",0.00943400184742703,0.343149696293047,0.545148208006476,0.000400640948927787,0.101867452904121
"CbMPDiCbraya","S10_1B","S28_7B",0.00856829588980941,0.486184718075438,0.37348949389079,0.00481174880396215,0.12694574334
"CbMPDiCbraya","S10_1B","S29_7Z",0.00708046873357423,0.463772237926957,0.352727863374989,0.0152919578219631,0.161127472142516
"CbMPDiCbraya","S10_1B","S3_10D",0.000412044899863738,0.605553232371785,0.153264376115524,0.0108677984353555,0.229902548177471
"CbMPDiCbraya","S10_1B","S30_7D",0.00830968812739308,0.497445516357303,0.296869056648719,0.000968868846331528,0.196406870020253
"CbMPDiCbraya","S10_1B","S31_8B",0.0359333041632328,0.344310324483182,0.211809924621255,0.0057117882297493,0.402234658502581
"CbMPDiCbraya","S10_1B","S32_8Z",0.0128682490270171,0.84604938581828,0.0195783720168144,0.00870456113037913,0.11279943200751
"CbMPDiCbraya","S10_1B","S33_8D",0.0125991807690615,0.709086732831118,0.208183022145982,0.007307228931271,0.0628238353225678
"CbMPDiCbraya","S10_1B","S34_9B",0.000114089869795938,0.376177682768203,0.446358683176445,0.0248461744160955,0.15250336976946
"CbMPDiCbraya","S10_1B","S35_9Z",0.000602625492687058,0.44586615173021,0.3911675829446,0.00562301124383894,0.156740628588664
"CbMPDiCbraya","S10_1B","S36_9D",0.0240291018149582,0.403244250995584,0.411913406009127,0.0087116126002672,0.152101628580063
"CbMPDiCbraya","S10_1B","S4_11B",0.000107685887191491,0.689015863917985,0.150325622604489,0.0185026637808381,0.142048163809497
"CbMPDiCbraya","S10_1B","S5_11Z",0,0.687247398460478,0.185884954265785,0.013839451357167,0.11302819591657
"CbMPDiCbraya","S10_1B","S6_11D",0.000198026805227285,0.693764743615359,0.14629880023217,0.0137016574090452,0.146036771938198
"CbMPDiCbraya","S10_1B","S7_12B",0.000260371695655608,0.685773643066326,0.0541237343414426,0.0185496426415211,0.241292608255054
"CbMPDiCbraya","S10_1B","S8_12Z",0,0.716393682214607,0.0390852240168067,0.0239488550829748,0.220572238685612
"CbMPDiCbraya","S10_1B","S9_12D",8.1590493919725e-05,0.739405752430999,0.0420731031103804,0.0225493254922555,0.195890228472445
"CbMPDiCbraya","S11_1Z","S12_1D",0,0.74239023088612,0.0462591771902148,0.0247252423564178,0.186625349567247
"CbMPDiCbraya","S11_1Z","S13_2B",0.00984449098498922,0.762990977761321,0.0492542677058761,0.0149953952030004,0.162914868344813
"CbMPDiCbraya","S11_1Z","S14_2Z",0.000955363056531194,0.720118494747907,0.0685000173820504,0.0138241359690541,0.196601988844457
"CbMPDiCbraya","S11_1Z","S15_2D",0.00999839713785215,0.782394176122726,0.0644583195088559,0.0268019343928496,0.116347172837716
"CbMPDiCbraya","S11_1Z","S16_3B",0.000596605856261434,0.428022268066123,0.453739675149813,0.0444603470908219,0.0731811038369801
"CbMPDiCbraya","S11_1Z","S17_3Z",0.00043411846321845,0.540078505301802,0.264898682865305,0.0117077150782408,0.182880978291434
"CbMPDiCbraya","S11_1Z","S18_3D",0,0.571306812251492,0.241640798576646,0.0101966100133803,0.176855779158482
"CbMPDiCbraya","S11_1Z","S19_4B",0.000596605856261434,0.428022268066123,0.444080696175189,0.0430564680428143,0.0842439618596117
"CbMPDiCbraya","S11_1Z","S2_10Z",0,0.580592306985987,0.139685892148562,0.00783983178711833,0.271881969078332
"CbMPDiCbraya","S11_1Z","S20_4Z",0.00043411846321845,0.540078505301802,0.2585323082439,0.010808981357354,0.190146086633725
"CbMPDiCbraya","S11_1Z","S21_4D",0,0.571306812251492,0.241920194702141,0.0140752514292042,0.172697741617163
"CbMPDiCbraya","S11_1Z","S22_5B",0.0127986193441553,0.446718035464101,0.100963465120866,0.00222434369597925,0.437295536374899
"CbMPDiCbraya","S11_1Z","S23_5Z",0.0275068718216099,0.367569293545558,0.337020624752633,0.00391215104921849,0.26399105883098
"CbMPDiCbraya","S11_1Z","S24_5D",0.0351134138174161,0.440039200329652,0.340043861372365,0.00468803139936652,0.1801154930812
"CbMPDiCbraya","S11_1Z","S25_6B",0.0773261768427415,0.3265264886851,0.0216486464826062,0.00340695763895091,0.571091730350602
"CbMPDiCbraya","S11_1Z","S26_6Z",0.0569430004624942,0.271494545157062,0.580249398869241,0.00775151881337389,0.0835615366978294
"CbMPDiCbraya","S11_1Z","S27_6D",0.0314929309388785,0.307659665344213,0.527124840185337,0.00242365740477708,0.131298906126795
"CbMPDiCbraya","S11_1Z","S28_7B",0.00731331756217487,0.468873545416121,0.411113100033882,0.00502199284063397,0.107678044147188
"CbMPDiCbraya","S11_1Z","S29_7Z",0.00668018836747916,0.429833165590726,0.348649101336323,0.000942269255625996,0.213895275449846
"CbMPDiCbraya","S11_1Z","S3_10D",0.000214767503544536,0.605201635270229,0.144574992722399,0.0117591841320962,0.238249420371731
"CbMPDiCbraya","S11_1Z","S30_7D",0.00711602170397416,0.553186952442327,0.284348626033935,0.000233802062529243,0.155114597757235
"CbMPDiCbraya","S11_1Z","S31_8B",0.0686161003769388,0.0636783299300206,0.231882071442892,0.00493364083847951,0.630889857411669
"CbMPDiCbraya","S11_1Z","S32_8Z",0.0353423311165551,0.511498005771773,0.322366455116902,0.00723430761292993,0.12355890038184
"CbMPDiCbraya","S11_1Z","S33_8D",0.011344202441427,0.610659077085457,0.301708550760531,0.00477555097426442,0.0715126187383213
"CbMPDiCbraya","S11_1Z","S34_9B",0.000141569534236232,0.387203064710707,0.4267492485981,0.0118200523360774,0.17408606482088
"CbMPDiCbraya","S11_1Z","S35_9Z",0.00059773803344187,0.457130951928697,0.374914998460159,0.00872970612353573,0.158626605454167
"CbMPDiCbraya","S11_1Z","S36_9D",0.0239016563635506,0.395242144002348,0.396584053831713,0.0117909917268358,0.172481154075553
"CbMPDiCbraya","S11_1Z","S4_11B",0,0.589467643486214,0.261398493819382,0.0123568859547126,0.136776976739692
"CbMPDiCbraya","S11_1Z","S5_11Z",0,0.597362590709062,0.265674873664944,0.0167188452579637,0.120243690368031
"CbMPDiCbraya","S11_1Z","S6_11D",0,0.59926326293606,0.246264201802754,0.00782364836487529,0.14664888689631
"CbMPDiCbraya","S11_1Z","S7_12B",0.000290830351947554,0.686832069872586,0.142566764884664,0.0102547348709149,0.160055600019888
"CbMPDiCbraya","S11_1Z","S8_12Z",0,0.708334852403489,0.0381151517402295,0.0147870195930948,0.238762976263187
"CbMPDiCbraya","S11_1Z","S9_12D",4.76230748897719e-05,0.73030400991175,0.0405376178078398,0.0387136121262746,0.190397137079246
"CbMPDiCbraya","S12_1D","S13_2B",0.00459293563505438,0.764770909545834,0.0624720599286855,0.0172142625938009,0.150949832296625
"CbMPDiCbraya","S12_1D","S14_2Z",0.000245194092583875,0.78507136318124,0.0610233115247223,0.0135223867031449,0.140137744498309
"CbMPDiCbraya","S12_1D","S15_2D",0.00456161534999706,0.815578814606904,0.045603873150428,0.015042135412629,0.119213561480042
"CbMPDiCbraya","S12_1D","S16_3B",0.0115553834607283,0.462455484482641,0.448926101007295,0.00840336904875913,0.0686596620005771
"CbMPDiCbraya","S12_1D","S17_3Z",0.00110551560529452,0.60387325176842,0.261949727087674,0.014955031502011,0.1181164740366
"CbMPDiCbraya","S12_1D","S18_3D",0,0.655269925175463,0.228690199391404,0.0070060076730985,0.109033867760034
"CbMPDiCbraya","S12_1D","S19_4B",0.0115553834607283,0.462455484482641,0.448228741021543,0.00840336904875913,0.0693570219863294
"CbMPDiCbraya","S12_1D","S2_10Z",0.000263074573461893,0.677648994266889,0.177858460258509,0.0146791766030799,0.129550294298059
"CbMPDiCbraya","S12_1D","S20_4Z",0.00110551560529452,0.60387325176842,0.261949727087674,0.0105401099281232,0.122531395610488
"CbMPDiCbraya","S12_1D","S21_4D",0,0.655269925175463,0.226488778069646,0.00788867384773619,0.110352622907154
"CbMPDiCbraya","S12_1D","S22_5B",0.0192938439152111,0.476326192084254,0.344372712653919,0.00770437163178717,0.15230287971483
"CbMPDiCbraya","S12_1D","S23_5Z",0.00623229057806258,0.60920534140106,0.216676358516327,0.0208293261914516,0.147056683313099
"CbMPDiCbraya","S12_1D","S24_5D",0.0145567922845835,0.467768851804709,0.353664381021082,0.005656379910514,0.158353594979112
"CbMPDiCbraya","S12_1D","S25_6B",0.0350167136435465,0.429982819965619,0.372968710954102,0.00686456403518989,0.155167191401542
"CbMPDiCbraya","S12_1D","S26_6Z",0.0123066326713003,0.309634937416465,0.514902234768113,0.00625090255215143,0.156905292591971
"CbMPDiCbraya","S12_1D","S27_6D",0.0108914461032145,0.311213757846069,0.487053165949864,0.000846722964746614,0.189994907136105
"CbMPDiCbraya","S12_1D","S28_7B",0.00835709618323506,0.419670473069575,0.483925788562126,0.000513553860012774,0.0875330883250515
"CbMPDiCbraya","S12_1D","S29_7Z",0.00824416413232724,0.440665983155409,0.402569400582381,0.00265698356907667,0.145863468560806
"CbMPDiCbraya","S12_1D","S3_10D",0.000319487866544232,0.691323124500569,0.160837847775373,0.00682816750873307,0.140691372348781
"CbMPDiCbraya","S12_1D","S30_7D",0.00861569138713549,0.482437075784195,0.361731679709139,0.000454471837588029,0.146761081281943
"CbMPDiCbraya","S12_1D","S31_8B",0.0250883952938122,0.346255110266756,0.197422307190121,0.0102355469628766,0.420998640286434
"CbMPDiCbraya","S12_1D","S32_8Z",0.0102980038911702,0.866600134284722,0.0031360270430349,0.011650838178524,0.108314996602549
"CbMPDiCbraya","S12_1D","S33_8D",0.0123879810624872,0.700479669133493,0.208379459526776,0.00942922168407718,0.0693236685931669
"CbMPDiCbraya","S12_1D","S34_9B",0.000167640155993577,0.172881550259942,0.599211569541096,0.0175911942879295,0.210148045755039
"CbMPDiCbraya","S12_1D","S35_9Z",0.00474997770106627,0.282009963646571,0.507629193717721,0.0202578898977187,0.185352975036924
"CbMPDiCbraya","S12_1D","S36_9D",0.00596446028692936,0.321369455069744,0.474445638645271,0.0135707937494191,0.184649652248636
"CbMPDiCbraya","S12_1D","S4_11B",0,0.640517666323569,0.172274985369307,0.00318992340270024,0.184017424904424
"CbMPDiCbraya","S12_1D","S5_11Z",0,0.621768698639716,0.194179352225332,0.00299126423506874,0.181060684899883
"CbMPDiCbraya","S12_1D","S6_11D",0,0.652177657846504,0.17056042766569,0.00345610012707897,0.173805814360727
"CbMPDiCbraya","S12_1D","S7_12B",0.000204210038046205,0.748489370924381,0.0896643527422707,0.0121062053972362,0.149535860898066
"CbMPDiCbraya","S12_1D","S8_12Z",0.000158869300840618,0.679325992742093,0.137285706051326,0.024844152243959,0.158385279661781
"CbMPDiCbraya","S12_1D","S9_12D",0,0.716552656826641,0.114796507223223,0.0161494175178976,0.152501418432238
"CbMPDiCbraya","S13_2B","S14_2Z",0.0618038278201408,0.796760216207547,0,0.0380329569327263,0.103402999039586
"CbMPDiCbraya","S13_2B","S15_2D",0.0555780228710429,0.757656303407662,0,0.0822092605510833,0.104556413170212
"CbMPDiCbraya","S13_2B","S16_3B",0.021359786972407,0.309623105059232,0.439431846004234,0.100836838463915,0.128748423500212
"CbMPDiCbraya","S13_2B","S17_3Z",0.0280652829455403,0.593983008533599,0.227555894715364,0.0218626020421164,0.12853321176338
"CbMPDiCbraya","S13_2B","S18_3D",0.0315278793419031,0.57455432843184,0.212635385443068,0.0176303825379247,0.163652024245265
"CbMPDiCbraya","S13_2B","S19_4B",0.021359786972407,0.309623105059232,0.429610027793698,0.101642370479612,0.137764709695051
"CbMPDiCbraya","S13_2B","S2_10Z",0.00158923414687914,0.647963949514277,0.163001328741158,0.0158627446829074,0.171582742914779
"CbMPDiCbraya","S13_2B","S20_4Z",0.0280652829455403,0.593983008533599,0.227555894715364,0.0221414346687023,0.128254379136794
"CbMPDiCbraya","S13_2B","S21_4D",0.0315278793419031,0.57455432843184,0.23230606153662,0.0208090765348142,0.140802654154823
"CbMPDiCbraya","S13_2B","S22_5B",0.0326415026304524,0.218296862086487,0.223669999217707,0.000322509635458037,0.525069126429896
"CbMPDiCbraya","S13_2B","S23_5Z",0.00406083438921782,0.330999954470628,0.329157273687417,0.00699796248227056,0.328783974970467
"CbMPDiCbraya","S13_2B","S24_5D",0.0242168931668336,0.495913841403409,0.223295742798704,0.00407135533934494,0.252502167291708
"CbMPDiCbraya","S13_2B","S25_6B",0.0438185257768016,0.411896034562992,0.00325625899565123,0.000229000776125316,0.54080017988843
"CbMPDiCbraya","S13_2B","S26_6Z",0.0483940888787274,0.352227802962372,0.434656002423943,0.0062182955047451,0.158503810230212
"CbMPDiCbraya","S13_2B","S27_6D",0.0246406903330211,0.372397697319262,0.451459849313468,0.00194271543859401,0.149559047595655
"CbMPDiCbraya","S13_2B","S28_7B",0.0639395019709903,0.515189520638458,0.308531101361769,0.00698610349232924,0.105353772536454
"CbMPDiCbraya","S13_2B","S29_7Z",0.0574609622804709,0.394712346184739,0.402621401826252,0.00960732879595727,0.13559796091258
"CbMPDiCbraya","S13_2B","S3_10D",0.00208908806309597,0.650252976568652,0.138440185150183,0.0141606373350798,0.19505711288299
"CbMPDiCbraya","S13_2B","S30_7D",0.0365979353001118,0.506873690140562,0.308907098249325,0.00222261577139884,0.145398660538602
"CbMPDiCbraya","S13_2B","S31_8B",0.0464722898974756,0.287158970986034,0.414949238066666,0.0060930805611658,0.245326420488659
"CbMPDiCbraya","S13_2B","S32_8Z",0.0189513309783774,0.412316844224393,0.330868834582352,0.0024916531615566,0.235371337053321
"CbMPDiCbraya","S13_2B","S33_8D",0.0421038515368103,0.427284006509892,0.395663981556302,0.00666035814176668,0.128287802255229
"CbMPDiCbraya","S13_2B","S34_9B",0.0177807126539328,0.188999578892266,0.673390568845067,0.00917599389048912,0.110653145718245
"CbMPDiCbraya","S13_2B","S35_9Z",0.0243273356979755,0.131284847479883,0.673086061736176,0.0142924456456112,0.157009309440354
"CbMPDiCbraya","S13_2B","S36_9D",0.0982683710264405,0.127367044583009,0.617834097854632,0.00466221575429786,0.15186827078162
"CbMPDiCbraya","S13_2B","S4_11B",0,0.645936322142123,0.18018491555596,0.0146302738434406,0.159248488458476
"CbMPDiCbraya","S13_2B","S5_11Z",0.00330939664875911,0.654826314100154,0.198116369724996,0.0352757205479037,0.108472198978187
"CbMPDiCbraya","S13_2B","S6_11D",0.000195295547261522,0.646041842573377,0.174670819331964,0.0181875069340737,0.160904535613324
"CbMPDiCbraya","S13_2B","S7_12B",0.0579885054611932,0.68860733304837,0.0234183519218813,0.0139283262633969,0.216057483305158
"CbMPDiCbraya","S13_2B","S8_12Z",0.0480060345804646,0.688296921827674,0.0340436136932208,0.0193250782420525,0.210328351656588
"CbMPDiCbraya","S13_2B","S9_12D",0.046332124070847,0.748339716641497,0.00284169622635323,0.0421945399709088,0.160291923090394
"CbMPDiCbraya","S14_2Z","S15_2D",0.0665456501543502,0.763203291064934,0.0404135000161981,0.0625739021668669,0.0672636565976506
"CbMPDiCbraya","S14_2Z","S16_3B",0.0227531485982925,0.303659859082223,0.516226627458658,0.0618032585834709,0.0955571062773558
"CbMPDiCbraya","S14_2Z","S17_3Z",0.0407737609269095,0.579574679552797,0.227897901039852,0.0304125245132971,0.121341133967144
"CbMPDiCbraya","S14_2Z","S18_3D",0.0426446564059333,0.583166763804413,0.204700304595353,0.0288878810043738,0.140600394189927
"CbMPDiCbraya","S14_2Z","S19_4B",0.0230003291946157,0.3034126784859,0.517387742574914,0.0686251756611212,0.087574074083449
"CbMPDiCbraya","S14_2Z","S2_10Z",0.000145591576566824,0.659388925087549,0.147014406954451,0.0103634607928854,0.183087615588548
"CbMPDiCbraya","S14_2Z","S20_4Z",0.0407737609269095,0.579574679552797,0.220109876359178,0.0298499934688149,0.129691689692301
"CbMPDiCbraya","S14_2Z","S21_4D",0.0426446564059333,0.583166763804413,0.21005578651872,0.0450556178589591,0.119077175411975
"CbMPDiCbraya","S14_2Z","S22_5B",0.0270434777289382,0.230707888147906,0.231193063028616,0.00470055179780863,0.506355019296731
"CbMPDiCbraya","S14_2Z","S23_5Z",0.105312204918768,0.207351440929344,0.527208200662418,0.00678116915336642,0.153346984336103
"CbMPDiCbraya","S14_2Z","S24_5D",0.119939773595314,0.348988193199808,0.274001709824509,0.00520958455647772,0.251860738823892
"CbMPDiCbraya","S14_2Z","S25_6B",0.158223285312766,0.256902652219619,0.187627980184831,0.00283315138871242,0.394412930894072
"CbMPDiCbraya","S14_2Z","S26_6Z",0.118890686552036,0.210220683197877,0.526729819872307,0.00643473624965249,0.137724074128127
"CbMPDiCbraya","S14_2Z","S27_6D",0.119348187493461,0.212536242361014,0.480430070788148,0.00185625652162404,0.185829242835753
"CbMPDiCbraya","S14_2Z","S28_7B",0.0594663106250744,0.478379602358289,0.387885592775553,0.00728432594247508,0.066984168298609
"CbMPDiCbraya","S14_2Z","S29_7Z",0.0577602517007268,0.389912788419533,0.426253185032033,0.0277168191142036,0.0983569557335042
"CbMPDiCbraya","S14_2Z","S3_10D",0.00201108217794755,0.670622440634848,0.125869841616615,0.016022144829677,0.185474490740913
"CbMPDiCbraya","S14_2Z","S30_7D",0.0396497694456545,0.522348079395533,0.315549243628338,0.00477773568923401,0.11767517184124
"CbMPDiCbraya","S14_2Z","S31_8B",0.155671917198342,0.103754940150447,0.41498515537021,0.00547377160752143,0.32011421567348
"CbMPDiCbraya","S14_2Z","S32_8Z",0.113028956726615,0.349447041826215,0.342776037341645,0.008544258998889,0.186203705106636
"CbMPDiCbraya","S14_2Z","S33_8D",0.0182173669797548,0.449128502587792,0.435905930258626,0.00822135638816992,0.0885268437856572
"CbMPDiCbraya","S14_2Z","S34_9B",0.00156753221254895,0.140299246904416,0.727214787982287,0.010387387544053,0.120531045356695
"CbMPDiCbraya","S14_2Z","S35_9Z",0.00374892929106809,0.121953204669041,0.765465758967457,0.011527572145266,0.0973045349271674
"CbMPDiCbraya","S14_2Z","S36_9D",0.000414361464285999,0.172837028112434,0.646094754608509,0.00932945831725327,0.171324397497518
"CbMPDiCbraya","S14_2Z","S4_11B",0,0.665829663390427,0.173202362366408,0.0138459467104483,0.147122027532716
"CbMPDiCbraya","S14_2Z","S5_11Z",0.00101305846477876,0.666057251256585,0.190826967013576,0.0194042463781832,0.122698476886877
"CbMPDiCbraya","S14_2Z","S6_11D",6.50985157538408e-05,0.624367140331472,0.186304366765888,0.00913502709109631,0.18012836729579
"CbMPDiCbraya","S14_2Z","S7_12B",0.0662771289462733,0.754087653766793,0.0157168495308988,0.0115392031210208,0.152379164635014
"CbMPDiCbraya","S14_2Z","S8_12Z",0.0601840798752336,0.686358899255892,0.0234668064488517,0.0223320197552105,0.207658194664812
"CbMPDiCbraya","S14_2Z","S9_12D",0.055630982167022,0.729271831593165,0.00386864081047958,0.0483385665388155,0.162889978890518
"CbMPDiCbraya","S15_2D","S16_3B",0.023231129021145,0.294638999808526,0.530309466271178,0.066423060374173,0.0853973445249781
"CbMPDiCbraya","S15_2D","S17_3Z",0.0334098565645702,0.560643594023531,0.264171819135993,0.0293107031938214,0.112464027082084
"CbMPDiCbraya","S15_2D","S18_3D",0.0340519312376867,0.572405977947412,0.243050013012505,0.0470371114903051,0.103454966312091
"CbMPDiCbraya","S15_2D","S19_4B",0.0234783096174682,0.294391819212203,0.52781340373744,0.066423060374173,0.0878934070587162
"CbMPDiCbraya","S15_2D","S2_10Z",0.00194161411361453,0.635508724646174,0.193372472706463,0.0126599310551984,0.15651725747855
"CbMPDiCbraya","S15_2D","S20_4Z",0.0334098565645702,0.560643594023531,0.265194045639896,0.0308145237946876,0.109937979977315
"CbMPDiCbraya","S15_2D","S21_4D",0.0340519312376867,0.572405977947412,0.242738123923358,0.0437371310835224,0.107066835808021
"CbMPDiCbraya","S15_2D","S22_5B",0.0239128584580849,0.260016523209307,0.39636342177921,0.00472382257246468,0.314983373980933
"CbMPDiCbraya","S15_2D","S23_5Z",0.112062057346848,0.219463029976331,0.517291382429445,0.0131887696276609,0.137994760619714
"CbMPDiCbraya","S15_2D","S24_5D",0.120754428907651,0.371745907561926,0.244361910305262,0.00554866080438744,0.257589092420773
"CbMPDiCbraya","S15_2D","S25_6B",0.124473462015837,0.347339808610068,0.218621980685586,0.00175158425653242,0.307813164431977
"CbMPDiCbraya","S15_2D","S26_6Z",0.118682521522078,0.237724977317864,0.50059756754909,0.00614294281057335,0.136851990800395
"CbMPDiCbraya","S15_2D","S27_6D",0.119302920656345,0.253509634881025,0.500156112809545,0.00234288901794244,0.124688442635142
"CbMPDiCbraya","S15_2D","S28_7B",0.056651388002174,0.472721063207127,0.373263985163553,0.0188153010145837,0.0785482626125623
"CbMPDiCbraya","S15_2D","S29_7Z",0.0594233346811695,0.407904534439292,0.40459337573156,0.0116387719555391,0.116439983192439
"CbMPDiCbraya","S15_2D","S3_10D",0.00216092307697523,0.643603869965882,0.180344936752363,0.0147759434568347,0.159114326747945
"CbMPDiCbraya","S15_2D","S30_7D",0.0273023035880575,0.527801534756279,0.287454954215755,0.00022916394294077,0.157212043496968
"CbMPDiCbraya","S15_2D","S31_8B",0.119335713841797,0.152995988829148,0.422256015329628,0.0090755872215105,0.296336694777916
"CbMPDiCbraya","S15_2D","S32_8Z",0.114481727904343,0.356250909239169,0.365085522557796,0.0116681869648061,0.152513653333886
"CbMPDiCbraya","S15_2D","S33_8D",0.0160775251174013,0.511883716253398,0.401975180365728,0.0111914476738453,0.0588721305896267
"CbMPDiCbraya","S15_2D","S34_9B",0.00150648571904272,0.380284677734012,0.480173097346669,0.00630631991560427,0.131729419284673
"CbMPDiCbraya","S15_2D","S35_9Z",0.00103780529781466,0.301132607917805,0.584864883028111,0.0104381070536603,0.10252659670261
"CbMPDiCbraya","S15_2D","S36_9D",0.00132988381155555,0.22419158194784,0.597003406097385,0.00889420158512908,0.168580926558091
"CbMPDiCbraya","S15_2D","S4_11B",0.000106745940251635,0.654941879020141,0.178007381557695,0.00740863475174852,0.159535358730163
"CbMPDiCbraya","S15_2D","S5_11Z",0.00643110417517747,0.665572905346487,0.184686591486245,0.031171590289902,0.112137808702189
"CbMPDiCbraya","S15_2D","S6_11D",0.00544960249815112,0.65385485206315,0.201449085746243,0.00827476364179612,0.13097169605066
"CbMPDiCbraya","S15_2D","S7_12B",0.0612991092312077,0.701932972062395,0.122441664746864,0.0151628008008426,0.09916345315869
"CbMPDiCbraya","S15_2D","S8_12Z",0.0560037012021975,0.689919727534198,0.130588279979626,0.014527690164992,0.108960601118986
"CbMPDiCbraya","S15_2D","S9_12D",0.049803536703948,0.759785348254664,0.0679008221972532,0.019712711634744,0.102797581209391
"CbMPDiCbraya","S16_3B","S17_3Z",0.00856599539899913,0.412036093552931,0.511149419453611,0.0159684782583798,0.0522800133360798
"CbMPDiCbraya","S16_3B","S18_3D",0.00637302037358017,0.732904738925209,0.182292592900055,0.042888774477468,0.0355408733236881
"CbMPDiCbraya","S16_3B","S19_4B",0.0108141510891395,0.70078788815078,0,0.28839796076008,0
"CbMPDiCbraya","S16_3B","S2_10Z",0.00254272259623039,0.324461360068393,0.490991166339877,0.0418829219707444,0.140121829024756
"CbMPDiCbraya","S16_3B","S20_4Z",0.00856599539899913,0.412036093552931,0.511149419453611,0.0255574491037995,0.04269104249066
"CbMPDiCbraya","S16_3B","S21_4D",0.00637302037358017,0.732904738925209,0.192952914805206,0.042112275104829,0.0256570507911759
"CbMPDiCbraya","S16_3B","S22_5B",0.00444278522307834,0.555436988954151,0.31025504418038,0.0685557709847561,0.0613094106576351
"CbMPDiCbraya","S16_3B","S23_5Z",0.00191564962150471,0.809645272851092,0.0542476307053144,0.0673959112312916,0.0667955355907969
"CbMPDiCbraya","S16_3B","S24_5D",0.00251703634556933,0.684687594721249,0.235072790314698,0.0291643609918144,0.0485582176266699
"CbMPDiCbraya","S16_3B","S25_6B",0.00889824640529011,0.625279793261574,0.0750721880401861,0.0296173117293091,0.261132460563641
"CbMPDiCbraya","S16_3B","S26_6Z",0.00258558795693196,0.467754605596039,0.426630140747346,0.0284682516782319,0.0745614140214502
"CbMPDiCbraya","S16_3B","S27_6D",0.00204015629188886,0.597959147498357,0.301060322378733,0.0262851179889495,0.0726552558420717
"CbMPDiCbraya","S16_3B","S28_7B",0.00205555271062538,0.691839733815414,0.228268662726074,0.00557210831475229,0.0722639424331339
"CbMPDiCbraya","S16_3B","S29_7Z",0.00281184605839546,0.660977938073677,0.285669448077176,0.0129637005975466,0.0375770671932042
"CbMPDiCbraya","S16_3B","S3_10D",0.00223078837547182,0.392957971201133,0.48356338177244,0.0387608117012618,0.0824870469496943
"CbMPDiCbraya","S16_3B","S30_7D",0.000728805036873393,0.739893945254326,0.178855129707338,0.0538342793584358,0.0266878406430265
"CbMPDiCbraya","S16_3B","S31_8B",0.0102579947474123,0.535981406420153,0.273030225282988,0.059428830131822,0.121301543417624
"CbMPDiCbraya","S16_3B","S32_8Z",0.00407847983933261,0.79119703659689,0.0762664442258088,0.060137922244945,0.0683201170930241
"CbMPDiCbraya","S16_3B","S33_8D",0.00175731423039119,0.645087834651804,0.227997877893218,0.0595818138632231,0.0655751593613647
"CbMPDiCbraya","S16_3B","S34_9B",0.00325338570459217,0.255120147614357,0.652063531650477,0.0343316446776504,0.0552312903529232
"CbMPDiCbraya","S16_3B","S35_9Z",0.0158350069519543,0.37645830925063,0.5047104196402,0.0485007829068064,0.0544954812504101
"CbMPDiCbraya","S16_3B","S36_9D",0.00141535929274135,0.551383209431925,0.341727676194423,0.0370386671713161,0.0684350879095942
"CbMPDiCbraya","S16_3B","S4_11B",0.00726674944527647,0.517965144073025,0.354611379280833,0.0456646767643986,0.0744920504364669
"CbMPDiCbraya","S16_3B","S5_11Z",0.0152508127933383,0.480604029895106,0.382917331109613,0.00293197687764687,0.118295849324295
"CbMPDiCbraya","S16_3B","S6_11D",0.0101187163070176,0.550124919600981,0.399431498663463,0.0174819825272307,0.0228428829013079
"CbMPDiCbraya","S16_3B","S7_12B",0.00345702979874904,0.415327086540698,0.424563604145841,0.0431566010012335,0.113495678513479
"CbMPDiCbraya","S16_3B","S8_12Z",0.0057114771216651,0.368715380343397,0.467943342727883,0.0364980924305865,0.121131707376468
"CbMPDiCbraya","S16_3B","S9_12D",0.00288521550032664,0.334011765353746,0.575343496044406,0.0257653104458339,0.0619942126556874
"CbMPDiCbraya","S17_3Z","S18_3D",0.00526975793516256,0.689293456509551,0.000383083212640977,0.0194430250613425,0.285610677281303
"CbMPDiCbraya","S17_3Z","S19_4B",0.00856599539899913,0.412036093552931,0.511149419453611,0.021720720958705,0.0465277706357545
"CbMPDiCbraya","S17_3Z","S2_10Z",0.00021729832974423,0.476461958185539,0.409843360661693,0.0131029346160182,0.100374448207006
"CbMPDiCbraya","S17_3Z","S20_4Z",0.000191849151752679,0.707895962945707,0,0.291912187902541,0
"CbMPDiCbraya","S17_3Z","S21_4D",0.00526975793516256,0.689293456509551,0.000811639764458751,0.0244496197963614,0.280175525994466
"CbMPDiCbraya","S17_3Z","S22_5B",0.0134399369288625,0.294674028464816,0.397449630850743,0.00589003136646162,0.288546372389117
"CbMPDiCbraya","S17_3Z","S23_5Z",0.00738654119657518,0.53062548262299,0.224100876120283,0.0145445149742428,0.223342585085909
"CbMPDiCbraya","S17_3Z","S24_5D",0.0178587771128342,0.475739971810246,0.360549732767004,0.00808402963778119,0.137767488672134
"CbMPDiCbraya","S17_3Z","S25_6B",0.0431833406243034,0.420208662704157,0.354617961647747,0.00622398056671041,0.175766054457082
"CbMPDiCbraya","S17_3Z","S26_6Z",0.0387597773223688,0.290274111613068,0.528758179838297,0.00537500874336775,0.136832922482898
"CbMPDiCbraya","S17_3Z","S27_6D",0.0291315442023755,0.310170335551979,0.490856344274883,0.00622403976322202,0.16361773620754
"CbMPDiCbraya","S17_3Z","S28_7B",0.0114981737497523,0.414135987017623,0.4342121057303,0.000471444502103621,0.139682289000221
"CbMPDiCbraya","S17_3Z","S29_7Z",0.0103932909664517,0.646304345059201,0.175423156915327,0.000711501958500719,0.16716770510052
"CbMPDiCbraya","S17_3Z","S3_10D",0.000522447462116395,0.435017448223455,0.46268443197825,0.0119128228483338,0.0898628494878446
"CbMPDiCbraya","S17_3Z","S30_7D",0.00692543519802149,0.717554854112758,0.0727100698968254,0.00383182371820347,0.198977817074192
"CbMPDiCbraya","S17_3Z","S31_8B",0.0363458555022386,0.574917693087863,0.219221887095448,0.0164311388894332,0.153083425425018
"CbMPDiCbraya","S17_3Z","S32_8Z",0.0137148333035824,0.88906889736319,0.00343422969521218,0.0122825516859268,0.0814994879520885
"CbMPDiCbraya","S17_3Z","S33_8D",0.0115072802925626,0.724942495824594,0.199698487064977,0.0265275775520548,0.0373241592658123
"CbMPDiCbraya","S17_3Z","S34_9B",0.00443604333554819,0.200167485794735,0.6534966715469,0.00736536551837404,0.134534433804443
"CbMPDiCbraya","S17_3Z","S35_9Z",0.00227464187412121,0.30176848614989,0.546993308429594,0.00875424238162233,0.140209321164772
"CbMPDiCbraya","S17_3Z","S36_9D",0.00654725998457364,0.252271430175466,0.603741346184881,0.0114280762377011,0.126011887417378
"CbMPDiCbraya","S17_3Z","S4_11B",0.000164042404582706,0.499277400444151,0.41116336399803,0.00440484007886687,0.0849903530743691
"CbMPDiCbraya","S17_3Z","S5_11Z",0.00150140542361739,0.471641185532377,0.412501506100483,0.00468607438524444,0.109669828558279
"CbMPDiCbraya","S17_3Z","S6_11D",0.000673392774653801,0.688370805372202,0.196742158742106,0.00549167671557094,0.108721966395468
"CbMPDiCbraya","S17_3Z","S7_12B",0.0319673578597605,0.574049630121158,0.265406363619197,0.0117405716945433,0.116836076705342
"CbMPDiCbraya","S17_3Z","S8_12Z",0.0269292686653366,0.500792076791794,0.309135128606689,0.0124621264916683,0.150681399444512
"CbMPDiCbraya","S17_3Z","S9_12D",0.0201264305641796,0.513952219076734,0.328382955773083,0.00802894713309421,0.12950944745291
"CbMPDiCbraya","S18_3D","S19_4B",0.00637302037358017,0.732904738925209,0.193462724785123,0.0466707196059006,0.0205887963101876
"CbMPDiCbraya","S18_3D","S2_10Z",0.000399904009528873,0.491109877815798,0.379864415308151,0.0284244735662799,0.100201329300241
"CbMPDiCbraya","S18_3D","S20_4Z",0.00526975793516256,0.689293456509551,0.000383083212640977,0.0224333012597574,0.282620401082888
"CbMPDiCbraya","S18_3D","S21_4D",0.00615439240169246,0.71192709412078,0,0.281918513477528,0
"CbMPDiCbraya","S18_3D","S22_5B",0.00687134355204093,0.40190505167646,0.386239451102021,0.00742100573140919,0.197563147938069
"CbMPDiCbraya","S18_3D","S23_5Z",0.00193976035392294,0.627786204865021,0.209095246830445,0.0220618629096281,0.139116925040984
"CbMPDiCbraya","S18_3D","S24_5D",0.00674094592604431,0.505437902138004,0.319143329727662,0.00853868468590017,0.16013913752239
"CbMPDiCbraya","S18_3D","S25_6B",0.0255853219219734,0.437672506953296,0.340910356051097,0.00440965542964416,0.191422159643989
"CbMPDiCbraya","S18_3D","S26_6Z",0.0176866540756761,0.350049407651713,0.48511907763711,0.00455534894051185,0.142589511694989
"CbMPDiCbraya","S18_3D","S27_6D",0.0150098876324997,0.320305625913762,0.450910165595424,0.0028956716869427,0.210878649171372
"CbMPDiCbraya","S18_3D","S28_7B",0.00558351356092459,0.464107850546501,0.458525353332961,0.000512545022178107,0.0712707375374352
"CbMPDiCbraya","S18_3D","S29_7Z",0.00350333738696015,0.664909295087691,0.252588194186562,0.00980615658283524,0.0691930167559512
"CbMPDiCbraya","S18_3D","S3_10D",0,0.459618341372441,0.451995219066662,0.0131420601788831,0.0752443793820135
"CbMPDiCbraya","S18_3D","S30_7D",0,0.700669795079658,0.0836529318149953,0.00606907075836647,0.20960820234698
"CbMPDiCbraya","S18_3D","S31_8B",0.0142912092789301,0.594843089895276,0.00374733350260184,0.0185412886996564,0.368577078623536
"CbMPDiCbraya","S18_3D","S32_8Z",0.00301604092213725,0.883228740191561,0.0146807873170014,0.0130480501128914,0.0860263814564089
"CbMPDiCbraya","S18_3D","S33_8D",0.00012680199033844,0.761616344445402,0.17470938854796,0.0129664240359924,0.0505810409803072
"CbMPDiCbraya","S18_3D","S34_9B",0.00167882311400245,0.201124117127656,0.611508329538337,0.00615301229990588,0.179535717920098
"CbMPDiCbraya","S18_3D","S35_9Z",0.00365568398319599,0.312288824502588,0.518062983851772,0.00546609463646166,0.160526413025982
"CbMPDiCbraya","S18_3D","S36_9D",0.00174571707548007,0.380570877034324,0.457290618804332,0.00693930994451967,0.153453477141344
"CbMPDiCbraya","S18_3D","S4_11B",7.50003108123813e-05,0.548256994129344,0.381648706697521,0.00502407488344052,0.0649952239788817
"CbMPDiCbraya","S18_3D","S5_11Z",0,0.527677638447729,0.394473662836004,0.00147416820667781,0.0763745305095896
"CbMPDiCbraya","S18_3D","S6_11D",0.000713420860573798,0.750065840302354,0.191789383745531,0.00263512862615178,0.0547962264653894
"CbMPDiCbraya","S18_3D","S7_12B",0.0320608027664282,0.587139650839196,0.234041154330411,0.0155490218671679,0.131209370196797
"CbMPDiCbraya","S18_3D","S8_12Z",0.0270411890913362,0.48645319342393,0.297327086676798,0.00902409671931175,0.180154434088624
"CbMPDiCbraya","S18_3D","S9_12D",0.020161437106434,0.512334347014421,0.277486042534346,0.00704092725022828,0.18297724609457
"CbMPDiCbraya","S19_4B","S2_10Z",0.00254272259623039,0.324461360068393,0.500436737656467,0.0439521980537202,0.12860698162519
"CbMPDiCbraya","S19_4B","S20_4Z",0.00856599539899913,0.412036093552931,0.512223853456802,0.0244162428228418,0.0427578147684267
"CbMPDiCbraya","S19_4B","S21_4D",0.00637302037358017,0.732904738925209,0.192790833042428,0.0416031196996785,0.0263282879591049
"CbMPDiCbraya","S19_4B","S22_5B",0.00444278522307834,0.555436988954151,0.310687610223945,0.0863464178145001,0.0430861977843256
"CbMPDiCbraya","S19_4B","S23_5Z",0.0021628302178279,0.809398092254769,0.0537378207253978,0.0673959112312916,0.0673053455707135
"CbMPDiCbraya","S19_4B","S24_5D",0.00251703634556933,0.684687594721249,0.235072790314698,0.0282739112275086,0.0494486673909757
"CbMPDiCbraya","S19_4B","S25_6B",0.00889824640529011,0.625279793261574,0.0750721880401861,0.0352337766061885,0.255515995686761
"CbMPDiCbraya","S19_4B","S26_6Z",0.00258558795693196,0.467754605596039,0.425976258100633,0.0268651387223402,0.0768184096240551
"CbMPDiCbraya","S19_4B","S27_6D",0.00204015629188886,0.597959147498357,0.300405860768537,0.0287772841862242,0.0708175512549931
"CbMPDiCbraya","S19_4B","S28_7B",0.00205555271062538,0.691839733815414,0.228268662726074,0.00557210831475229,0.0722639424331339
"CbMPDiCbraya","S19_4B","S29_7Z",0.00281184605839546,0.660977938073677,0.284363634767209,0.0140618562514053,0.037784724849313
"CbMPDiCbraya","S19_4B","S3_10D",0.00223078837547182,0.392957971201133,0.48356338177244,0.0387608117012618,0.0824870469496943
"CbMPDiCbraya","S19_4B","S30_7D",0.000728805036873393,0.739893945254326,0.178855129707338,0.0545235804903381,0.0259985395111241
"CbMPDiCbraya","S19_4B","S31_8B",0.0102579947474123,0.535981406420153,0.273462791326554,0.059428830131822,0.120868977374059
