"Method","samp1","samp2","HeS","HoS","DL","HD","DR"
"CbMPDiCbraya","S1_10B","S10_1B",0.00044230349470768,0.305388909101406,0.331976074809945,0.00323084903998613,0.358961863553956
"CbMPDiCbraya","S1_10B","S11_1Z",0.000778146373428349,0.270054044924045,0.327890016338334,0.00693794106779871,0.394339851296394
"CbMPDiCbraya","S1_10B","S12_1D",0.000124615768048517,0.262196590753227,0.25778733658512,0.00602462933791285,0.473866827555691
"CbMPDiCbraya","S1_10B","S13_2B",0.00308389358798627,0.214601996117573,0.311125531766718,0.000604394412821304,0.470584184114902
"CbMPDiCbraya","S1_10B","S14_2Z",0.0028557846523806,0.233733267767635,0.533621991762942,0.00280272784697914,0.226986227970063
"CbMPDiCbraya","S1_10B","S15_2D",0.00345102124745368,0.231259339255639,0.597386028726383,0.016003793083148,0.151899817687376
"CbMPDiCbraya","S1_10B","S16_3B",0.00405352893329671,0.162732487672676,0.588986714522439,0.00270136384318771,0.2415259050284
"CbMPDiCbraya","S1_10B","S17_3Z",0,0.374069665222819,0.214032489831233,0.0245147431481317,0.387383101797816
"CbMPDiCbraya","S1_10B","S18_3D",0.000470477534697718,0.266519439895064,0.549462020385839,0.00638985960812694,0.177158202576272
"CbMPDiCbraya","S1_10B","S19_4B",0,0.23424165845277,0.406871076331116,0.000766629959204505,0.35812063525691
"CbMPDiCbraya","S1_10B","S2_10Z",0,0.424850151602726,0.0469522464859964,0.0184092745479211,0.509788327363356
"CbMPDiCbraya","S1_10B","S20_4Z",0.00267503888800522,0.247704570945084,0.456201905034132,0.000785988193001819,0.292632496939777
"CbMPDiCbraya","S1_10B","S21_4D",0,0.22919125489027,0.34373913615806,0.00345699467437176,0.423612614277298
"CbMPDiCbraya","S1_10B","S22_5B",0.0651464495919086,0.15253728474623,0.532800216746799,0.00505108650977011,0.244464962405292
"CbMPDiCbraya","S1_10B","S23_5Z",0.00650059053883385,0.367740065658777,0.306551770986413,0.00779609867740518,0.311411474138571
"CbMPDiCbraya","S1_10B","S24_5D",0.000734192063518077,0.28168321486321,0.518694237550172,0.00750777308621274,0.191380582436887
"CbMPDiCbraya","S1_10B","S25_6B",0.147498353901214,0.208349552711434,0.36125301616029,0.000135495912331875,0.282763581314731
"CbMPDiCbraya","S1_10B","S26_6Z",0.00066970948276653,0.108141546960487,0.569194382699952,0.00516175758067749,0.316832603276117
"CbMPDiCbraya","S1_10B","S27_6D",0.00512369111576013,0.0523424429911451,0.632148275448786,0.00578137958920677,0.304604210855102
"CbMPDiCbraya","S1_10B","S28_7B",0.0194092253658529,0.294965906937703,0.421175032566053,0.0102746841061334,0.254175151024258
"CbMPDiCbraya","S1_10B","S29_7Z",0.0049113166406505,0.133975841888989,0.541774432174594,0.00860095744744426,0.310737451848322
"CbMPDiCbraya","S1_10B","S3_10D",0.00028048765150067,0.355392975465992,0.0582913760142446,0.0200990151869586,0.565936145681304
"CbMPDiCbraya","S1_10B","S30_7D",0.014167858699722,0.0101771668978492,0.797527365920671,0.00766975291251029,0.170457855569247
"CbMPDiCbraya","S1_10B","S31_8B",0.00261089621335409,0.21976737819222,0.529333646202108,0.00553875079903917,0.242749328593279
"CbMPDiCbraya","S1_10B","S32_8Z",0.00854499953954097,0.298156845272275,0.333895282168305,0.00764052015463714,0.351762352865242
"CbMPDiCbraya","S1_10B","S33_8D",0.00878483968380017,0.355161841712057,0.29278530113015,0.006606571478526,0.336661445995468
"CbMPDiCbraya","S1_10B","S34_9B",0.00347796960223473,0.309536489894267,0.448656659837706,0.00517321945044684,0.233155661215346
"CbMPDiCbraya","S1_10B","S35_9Z",0.0285711962144399,0.348081444596039,0.310819880901,0.012542218780757,0.299985259507764
"CbMPDiCbraya","S1_10B","S36_9D",0.00318361131535543,0.286073631951941,0.502838411535005,0.0140206000533972,0.193883745144301
"CbMPDiCbraya","S1_10B","S4_11B",0.0189264922578931,0.14498214202966,0.517148384806769,0.00431249215231681,0.314630488753361
"CbMPDiCbraya","S1_10B","S5_11Z",0.000358190240118995,0.208031886665324,0.335331223896651,0.00550851264114549,0.450770186556761
"CbMPDiCbraya","S1_10B","S6_11D",0.00998226440417985,0.210826442351737,0.530243835739625,0.0062456972242525,0.242701760280205
"CbMPDiCbraya","S1_10B","S7_12B",0.00122319697316662,0.295901136653853,0.385596311013236,0.00267803197654671,0.314601323383198
"CbMPDiCbraya","S1_10B","S8_12Z",0.00119807554610332,0.267853710288169,0.412775029943326,0.00292799922973905,0.315245184992663
"CbMPDiCbraya","S1_10B","S9_12D",0,0.250610851774444,0.427445220214631,0.00280334587963418,0.319140582131291
"CbMPDiCbraya","S10_1B","S11_1Z",0.000246693875763624,0.431125802518858,0,0.0632878467743287,0.505339656831049
"CbMPDiCbraya","S10_1B","S12_1D",0.000491742808297395,0.409315998256743,0.0370226744800222,0.0300572807806108,0.523112303674327
"CbMPDiCbraya","S10_1B","S13_2B",0.00388234906190419,0.174080117694252,0.264020237156137,0.0150524344005851,0.542964861687122
"CbMPDiCbraya","S10_1B","S14_2Z",0.000236626854468426,0.203136041012435,0.322066028282443,0.00468003333087894,0.469881270519774
"CbMPDiCbraya","S10_1B","S15_2D",0,0.194409311631295,0.339650932192927,0.00835914579939539,0.457580610376382
"CbMPDiCbraya","S10_1B","S16_3B",0.0106589182710542,0.0114522937575256,0.660447034910811,0.00258844518691329,0.314853307873696
"CbMPDiCbraya","S10_1B","S17_3Z",0.000717433094510033,0.318474132165803,0.253295458516141,0.0145359854995958,0.41297699072395
"CbMPDiCbraya","S10_1B","S18_3D",0.0017794747993686,0.208957561644519,0.345773739486149,0.00615932192082983,0.437329902149133
"CbMPDiCbraya","S10_1B","S19_4B",0.0046937368933664,0.220326832827006,0.426913053552626,0.00773756748060491,0.340328809246397
"CbMPDiCbraya","S10_1B","S2_10Z",0.000498165052121819,0.422984133119125,0.161974814944079,0.00324934374890461,0.41129354313577
"CbMPDiCbraya","S10_1B","S20_4Z",0.00387007972542991,0.19076839617277,0.434355889226258,0.0063755887138702,0.364630046161672
"CbMPDiCbraya","S10_1B","S21_4D",0.00167390986870653,0.166776522635294,0.394022423125971,0.00838668902413385,0.429140455345895
"CbMPDiCbraya","S10_1B","S22_5B",0.00387007972542991,0.134859993767212,0.529917752529115,0.0102915970550844,0.321060576923158
"CbMPDiCbraya","S10_1B","S23_5Z",0.00886840081493177,0.304077884817876,0.376198705245034,0.00574465202382242,0.305110357098337
"CbMPDiCbraya","S10_1B","S24_5D",0,0.0778722369443335,0.651019131234036,0.00704004166417081,0.264068590157459
"CbMPDiCbraya","S10_1B","S25_6B",0.0520449751528369,0.0351475263609123,0.407210815008898,0.00294870955440942,0.502647973922943
"CbMPDiCbraya","S10_1B","S26_6Z",0.00127958535576697,0.104846507264961,0.619033727885747,5.59733139244871e-05,0.2747842061796
"CbMPDiCbraya","S10_1B","S27_6D",0.00373601229845197,0.0594300225644551,0.638565734664446,0.000688743770503673,0.297579486702144
"CbMPDiCbraya","S10_1B","S28_7B",0.00109832966148017,0.0727205166586712,0.669968510082222,0.00174998070241321,0.254462662895214
"CbMPDiCbraya","S10_1B","S29_7Z",0.000536582604500056,0.0380942952788142,0.66951533152531,0.000873677613659696,0.290980112977716
"CbMPDiCbraya","S10_1B","S3_10D",0,0.230798755519941,0.291773748644813,0.00618989762929358,0.471237598205952
"CbMPDiCbraya","S10_1B","S30_7D",0.00501580918970439,0.0127400009472341,0.716548106762773,0.00465310355663918,0.26104297954365
"CbMPDiCbraya","S10_1B","S31_8B",0.0307982322289814,0.148578078958055,0.523179744501152,0.00597736169217926,0.291466582619632
"CbMPDiCbraya","S10_1B","S32_8Z",0.000134067426977941,0.123312669287065,0.525760720173009,0.00242839500559824,0.34836414810735
"CbMPDiCbraya","S10_1B","S33_8D",0,0.169966175059941,0.594632039721053,0.0013375536980843,0.234064231520922
"CbMPDiCbraya","S10_1B","S34_9B",0.00488077510057383,0.159182174740367,0.575389807892728,0.00960336511580223,0.25094387715053
"CbMPDiCbraya","S10_1B","S35_9Z",0.00567837144366585,0.19122720418355,0.557592263387149,0.0107771751680599,0.234724985817576
"CbMPDiCbraya","S10_1B","S36_9D",0.0419490800923798,0.0918447536995375,0.648586820881754,0.0226156726482522,0.195003672678077
"CbMPDiCbraya","S10_1B","S4_11B",0.10856726541045,0.127537582542067,0.410679695831722,0.00432518806961945,0.348890268146141
"CbMPDiCbraya","S10_1B","S5_11Z",0.00383730040343041,0.19482411945719,0.476284549930897,0.00424337334995501,0.320810656858527
"CbMPDiCbraya","S10_1B","S6_11D",0.0745134797482448,0.138086953775937,0.476257986803587,0.0059176932984959,0.305223886373735
"CbMPDiCbraya","S10_1B","S7_12B",0.0143464166803701,0.381252701439885,0.0264760956011629,0.0205532275995542,0.557371558679028
"CbMPDiCbraya","S10_1B","S8_12Z",0.000797505360571638,0.37311259296544,0.133237453461175,0.0245562667025981,0.468296181510215
"CbMPDiCbraya","S10_1B","S9_12D",0.000284975028409408,0.379053874396766,0.137054139569686,0.0104224733360102,0.473184537669128
"CbMPDiCbraya","S11_1Z","S12_1D",0.00073249594517735,0.389989265548643,0.0271850732973476,0.0290064418548604,0.553086723353971
"CbMPDiCbraya","S11_1Z","S13_2B",0.00396622921439633,0.20663406867225,0.270398190212722,0.00753761462897816,0.511463897271654
"CbMPDiCbraya","S11_1Z","S14_2Z",0.00302721544499642,0.198136153533755,0.258390676618351,0.0115863660834115,0.528859588319486
"CbMPDiCbraya","S11_1Z","S15_2D",0.00371708614723248,0.17809688467467,0.308752148810368,0.0127655660317161,0.496668314336013
"CbMPDiCbraya","S11_1Z","S16_3B",0.00612189941829397,0.00994529505863928,0.574523695455612,0.00321757442180565,0.406191535645649
"CbMPDiCbraya","S11_1Z","S17_3Z",0.00114429776994675,0.276531744395621,0.207959396782631,0.0134549094424019,0.500909651609398
"CbMPDiCbraya","S11_1Z","S18_3D",0.00171859564623592,0.172042904719755,0.263855077700748,0.00542220248222947,0.556961219451032
"CbMPDiCbraya","S11_1Z","S19_4B",0.028124959409068,0.159996886386345,0.413069486706138,0.00705603030880981,0.391752637189639
"CbMPDiCbraya","S11_1Z","S2_10Z",0.000778146373428349,0.490840928553032,0.153099509135887,0.00948200307220861,0.345799412865444
"CbMPDiCbraya","S11_1Z","S20_4Z",0.000532415939714134,0.376491279347885,0.401227928410104,0.00707426127451229,0.214674115027784
"CbMPDiCbraya","S11_1Z","S21_4D",0,0.422846667488134,0.316197245761861,0.0147288095463047,0.2462272772037
"CbMPDiCbraya","S11_1Z","S22_5B",0.0272044067657779,0.18674568520128,0.523813992131861,0.00920536273121226,0.253030553169869
"CbMPDiCbraya","S11_1Z","S23_5Z",0.0272044067657779,0.181236029447069,0.289806847879647,0.00417623918315614,0.497576476724349
"CbMPDiCbraya","S11_1Z","S24_5D",0,0.0641747731538651,0.579141245443863,0.00835568678562577,0.348328294616647
"CbMPDiCbraya","S11_1Z","S25_6B",0.0332964737682762,0.0355795466529127,0.37813031876902,0.000835019277622572,0.552158641532169
"CbMPDiCbraya","S11_1Z","S26_6Z",0.000125960446699514,0.11325291329391,0.497917705284985,0,0.388703420974406
"CbMPDiCbraya","S11_1Z","S27_6D",0,0.0498662384584739,0.517685513574214,0.00701446931441281,0.4254337786529
"CbMPDiCbraya","S11_1Z","S28_7B",0.00205486369130704,0.0676940990502567,0.611860591505538,0.00871864486144661,0.309671800891451
"CbMPDiCbraya","S11_1Z","S29_7Z",0.00165003915507243,0.0377015278086352,0.608029136110112,0.00241891282802675,0.350200384098154
"CbMPDiCbraya","S11_1Z","S3_10D",5.42130969020751e-05,0.220177638466442,0.253898582896471,0.00489991295428048,0.520969652585904
"CbMPDiCbraya","S11_1Z","S30_7D",0.00139820964796095,0.0124007953388704,0.603453448714403,0.00452280158005666,0.378224744718709
"CbMPDiCbraya","S11_1Z","S31_8B",0.030276643497446,0.145458817674697,0.414381194301025,0.00429778051986226,0.40558556400697
"CbMPDiCbraya","S11_1Z","S32_8Z",0,0.119596952687524,0.474953689291032,0.00137551688530933,0.404073841136134
"CbMPDiCbraya","S11_1Z","S33_8D",0.000532415939714134,0.167484401530584,0.593761685660783,0.00137162656217545,0.236849870306744
"CbMPDiCbraya","S11_1Z","S34_9B",0.0017778573378509,0.158830079250328,0.677628577834361,0.0114310303990968,0.150332455178364
"CbMPDiCbraya","S11_1Z","S35_9Z",0.00257545368094293,0.180804076601798,0.513715551573637,0.0211384110765127,0.28176650706711
"CbMPDiCbraya","S11_1Z","S36_9D",0.0327687036270476,0.104288095902949,0.624528748355983,0.0220154724107321,0.216398979703288
"CbMPDiCbraya","S11_1Z","S4_11B",0.107951829741534,0.125733066188374,0.357583761648329,0.0102744349561583,0.398456907465604
"CbMPDiCbraya","S11_1Z","S5_11Z",0.000532415939714134,0.185490667157269,0.367215966023798,0.0103623792914332,0.436398571587786
"CbMPDiCbraya","S11_1Z","S6_11D",0.0743033494499847,0.133986078208357,0.407757251123817,0.0127633488004987,0.371189972417342
"CbMPDiCbraya","S11_1Z","S7_12B",0.00112345607559286,0.378863018298898,0.0337765313352386,0.014123129316638,0.572113864973632
"CbMPDiCbraya","S11_1Z","S8_12Z",0.000160061311256679,0.371153302151421,0.124551770921879,0.0234438497980108,0.480691015817432
"CbMPDiCbraya","S11_1Z","S9_12D",0.000619757359393664,0.382857316835035,0.112039453894863,0.027873327693707,0.476610144217002
"CbMPDiCbraya","S12_1D","S13_2B",0.00667173023212455,0.134616740992527,0.198551116838446,0.0202875665004764,0.639872845436426
"CbMPDiCbraya","S12_1D","S14_2Z",0.00299986467415466,0.172638033985846,0.257292840535901,0.0232220476937303,0.543847213110368
"CbMPDiCbraya","S12_1D","S15_2D",0.00390117567288484,0.133039907283313,0.312335265879065,0.0224424682171993,0.528281182947538
"CbMPDiCbraya","S12_1D","S16_3B",0.00688801078911139,0.0121144804012528,0.776025714130765,0.0133264167656296,0.191645377913241
"CbMPDiCbraya","S12_1D","S17_3Z",0.000751258623597035,0.284557507916671,0.194294675837782,0.0131979356384331,0.507198621983518
"CbMPDiCbraya","S12_1D","S18_3D",0.000350701983683014,0.162219843685458,0.317974798579326,0.0117111133125974,0.507743542438935
"CbMPDiCbraya","S12_1D","S19_4B",0.00580819321735667,0.436872750789668,0.350498523902764,0.00955608978314076,0.197264442307071
"CbMPDiCbraya","S12_1D","S2_10Z",0.000124615768048517,0.143562908019114,0.414520924162549,0.0210886369116833,0.420702915138605
"CbMPDiCbraya","S12_1D","S20_4Z",0.00310510456239713,0.143400760734269,0.424808084427461,0.0125202337705057,0.416165816505368
"CbMPDiCbraya","S12_1D","S21_4D",0,0.0733874880224181,0.37649696365774,0.0159335327789852,0.534182015540857
"CbMPDiCbraya","S12_1D","S22_5B",0.0695689956988892,0.236237938032877,0.390206591011904,0.0108578989916924,0.293128576264637
"CbMPDiCbraya","S12_1D","S23_5Z",0.00788330556358403,0.167877135311064,0.249929428923012,0.00470364663120241,0.569606483571137
"CbMPDiCbraya","S12_1D","S24_5D",0.000839644604444249,0.0377022850401759,0.817227008562213,0.00245826965227902,0.141772792140888
"CbMPDiCbraya","S12_1D","S25_6B",0.00608379930694545,0.0313060975103053,0.399104145956627,0.00768825354830022,0.555817703677822
"CbMPDiCbraya","S12_1D","S26_6Z",0.0013491870445199,0.0359332283832261,0.559224011042254,0.0102349650655162,0.393258608464484
"CbMPDiCbraya","S12_1D","S27_6D",0.00282462407576639,0.0103383117981331,0.686031483192957,0.00759507484349259,0.293210506089651
"CbMPDiCbraya","S12_1D","S28_7B",0.00406986847364617,0.0722398499235045,0.805966693288404,0.001072667253807,0.116650921060638
"CbMPDiCbraya","S12_1D","S29_7Z",0.00854456495932478,0.0393620206653749,0.846608994827051,0.000159859468388608,0.105324560079861
"CbMPDiCbraya","S12_1D","S3_10D",0,0.0910490483044495,0.384210514344089,0.0227247992394074,0.502015638112054
"CbMPDiCbraya","S12_1D","S30_7D",0.0264600794358293,0.0127400888209688,0.805620794495001,0,0.155179037248201
"CbMPDiCbraya","S12_1D","S31_8B",0.0282743972301844,0.0572291323706632,0.681241596695581,0.0069423081774334,0.226312565526138
"CbMPDiCbraya","S12_1D","S32_8Z",0,0.0530013429835092,0.775984430984249,0.00188214207785369,0.169132083954388
"CbMPDiCbraya","S12_1D","S33_8D",0.00189267137131997,0.170627928325892,0.590574613146789,0.000779056008506678,0.236125731147492
"CbMPDiCbraya","S12_1D","S34_9B",0,0.163451410353796,0.752346679681699,0.00394417822133526,0.0802577317431701
"CbMPDiCbraya","S12_1D","S35_9Z",0.00267162719959492,0.0932936432266866,0.733605160819603,0.0779906583136409,0.0924389104404749
"CbMPDiCbraya","S12_1D","S36_9D",0.000500536927993831,0.0885703726812358,0.834614845635037,0.00620470514223286,0.0701095396135002
"CbMPDiCbraya","S12_1D","S4_11B",0.013826513106759,0.24759874553119,0.387127320953002,0.0140442124113982,0.337403207997651
"CbMPDiCbraya","S12_1D","S5_11Z",0.00224266645611549,0.118544414027951,0.630283642308571,0.00951302104922675,0.239416256158136
"CbMPDiCbraya","S12_1D","S6_11D",0.0134150200385166,0.187889669181991,0.609423726878873,0.0146408225757307,0.174630761324889
"CbMPDiCbraya","S12_1D","S7_12B",0.0109109912358133,0.344025647515531,0.143328375858621,0.0213959149814533,0.480339070408582
"CbMPDiCbraya","S12_1D","S8_12Z",0.000498215890457736,0.332453472397438,0.150230024170293,0.014767218709897,0.502051068831914
"CbMPDiCbraya","S12_1D","S9_12D",0.000750327373623046,0.343568135578144,0.151203622759602,0.00944139557682028,0.49503651871181
"CbMPDiCbraya","S13_2B","S14_2Z",0.000267339381883283,0.172207805996541,0.0290212993712597,0.0794632115266649,0.719040343723651
"CbMPDiCbraya","S13_2B","S15_2D",0.000519881123203079,0.145085851750546,0.0179032756136304,0.0512425311144263,0.785248460398194
"CbMPDiCbraya","S13_2B","S16_3B",0.00552951344756283,0.0401145007293671,0.551219029993301,0.00779602720980672,0.395340928619963
"CbMPDiCbraya","S13_2B","S17_3Z",0.00355172401888207,0.225800437582264,0.189288571444002,0.00466569346024839,0.576693573494603
"CbMPDiCbraya","S13_2B","S18_3D",0.00445422804971546,0.124663494142293,0.300712631903672,0.0137693504289121,0.556400295475408
"CbMPDiCbraya","S13_2B","S19_4B",0.00349298050212491,0.222252857574667,0.304938474667876,0.0018103421368646,0.467505345118467
"CbMPDiCbraya","S13_2B","S2_10Z",0.000231020385842494,0.312449713330013,0.274670777483196,0.00182006503521307,0.410828423765736
"CbMPDiCbraya","S13_2B","S20_4Z",0.010844773978724,0.10659422273644,0.478968674276971,0.0044125917438085,0.399179737264057
"CbMPDiCbraya","S13_2B","S21_4D",0.00470520491039908,0.439388629415945,0.338267628192106,0.0111052199398934,0.206533317541656
"CbMPDiCbraya","S13_2B","S22_5B",0,0.070469246627689,0.520581511947054,0.000620449757928655,0.408328791667329
"CbMPDiCbraya","S13_2B","S23_5Z",0.000307820595158359,0.187169235905046,0.331558955601772,0.00689845223356549,0.474065535664458
"CbMPDiCbraya","S13_2B","S24_5D",0.000352867624542434,0.0783832802112065,0.530493331529399,0.0137566226321859,0.377013898002666
"CbMPDiCbraya","S13_2B","S25_6B",0.352110595811302,0.0131225520693055,0.135335610326181,3.68080094228504e-05,0.499394433783789
"CbMPDiCbraya","S13_2B","S26_6Z",0.000213307427824049,0.322923626120384,0.290050555493605,3.80976569940949e-05,0.386774413301193
"CbMPDiCbraya","S13_2B","S27_6D",0.295395703589672,0.00452385279892455,0.219445920611062,0.0055432508474024,0.475091272152939
"CbMPDiCbraya","S13_2B","S28_7B",0.000586193385992055,0.0900151898904187,0.568071690950724,0.0160166115077473,0.325310314265118
"CbMPDiCbraya","S13_2B","S29_7Z",0.0018800351080744,0.0713899744293091,0.766011793357967,0.0157297408782112,0.144988456226438
"CbMPDiCbraya","S13_2B","S3_10D",0,0.131926492046105,0.436714598716894,0.00898124799344356,0.422377661243557
"CbMPDiCbraya","S13_2B","S30_7D",0.0116052875841845,0.0243206789488108,0.612522634163966,0.0264704593755062,0.325080939927532
"CbMPDiCbraya","S13_2B","S31_8B",0.0262308439997384,0.184211176431365,0.379066284590077,0.0108684194619886,0.399623275516832
"CbMPDiCbraya","S13_2B","S32_8Z",0.00310431213231796,0.145009604970017,0.253343668971091,0.0059901049164878,0.592552309010087
"CbMPDiCbraya","S13_2B","S33_8D",0.000161686827776081,0.160807896684781,0.513471907581737,0.00965934134601346,0.315899167559693
"CbMPDiCbraya","S13_2B","S34_9B",0.00153519333831978,0.209478950032392,0.645746172022648,0.0140373934052285,0.129202291201412
"CbMPDiCbraya","S13_2B","S35_9Z",0.0268247758467345,0.144805463410335,0.586084919833658,0.0136960850300073,0.228588755879266
"CbMPDiCbraya","S13_2B","S36_9D",0.000804267973090732,0.132541405750814,0.636664373873597,0.0200162886413285,0.209973663761169
"CbMPDiCbraya","S13_2B","S4_11B",0.0163843077912618,0.154721639368722,0.378096124691441,0.00328350704131699,0.447514421107258
"CbMPDiCbraya","S13_2B","S5_11Z",0.00671027710821399,0.0890978824436603,0.406924905215412,0.00581356988785475,0.491453365344859
"CbMPDiCbraya","S13_2B","S6_11D",0.0209275711532592,0.123236073805553,0.408835823532261,0.00476033317377903,0.442240198335147
"CbMPDiCbraya","S13_2B","S7_12B",0.00367390574075242,0.193790092409486,0.310301259667046,0.0183102741214964,0.473924468061219
"CbMPDiCbraya","S13_2B","S8_12Z",0.0033285360597566,0.150916834626582,0.406416101912821,0.00138515014522774,0.437953377255613
"CbMPDiCbraya","S13_2B","S9_12D",0.00018140716272532,0.173336157994545,0.362277516984152,0.00475190401819484,0.459453013840383
"CbMPDiCbraya","S14_2Z","S15_2D",0,0.135609161272849,0.0112582544503944,0.0403600326190637,0.812772551657693
"CbMPDiCbraya","S14_2Z","S16_3B",0.00515655932649845,0.0421078987206366,0.742178803282933,0.006825237121699,0.203731501548233
"CbMPDiCbraya","S14_2Z","S17_3Z",0.00330697652414764,0.564648191856479,0.165178152027498,0.00614475735878427,0.260721922233091
"CbMPDiCbraya","S14_2Z","S18_3D",0.00437877815505391,0.50575104020254,0.296399257471002,0.00747749537046473,0.185993428800939
"CbMPDiCbraya","S14_2Z","S19_4B",0.00653200516888071,0.198824619135482,0.351502830325511,0.00391190502777687,0.439228640342349
"CbMPDiCbraya","S14_2Z","S2_10Z",0.000136745903320646,0.308866011220041,0.520069168320647,0.0100593613449153,0.160868713211076
"CbMPDiCbraya","S14_2Z","S20_4Z",0.0104571301794495,0.0919977641150569,0.510330382017735,0.00178853635745601,0.385426187330303
"CbMPDiCbraya","S14_2Z","S21_4D",0.00418203173456379,0.452280660126862,0.369092466275916,0.00489297386143998,0.169551868001218
"CbMPDiCbraya","S14_2Z","S22_5B",0.0048088976001094,0.0728354408585709,0.496311446458521,0.00752481080568023,0.418519404277119
"CbMPDiCbraya","S14_2Z","S23_5Z",0.00349841602661987,0.49696917335838,0.322514842344479,0.00803124685346976,0.168986321417051
"CbMPDiCbraya","S14_2Z","S24_5D",0.000673696717450493,0.249446024542247,0.599401448117293,0.00817220986133044,0.142306620761679
"CbMPDiCbraya","S14_2Z","S25_6B",0.00966337716799234,0.0109987805103508,0.467499526637533,0.00562989090513518,0.506208424778989
"CbMPDiCbraya","S14_2Z","S26_6Z",0.00131142366063857,0.12730620745289,0.721232273637192,0.00531442793169558,0.144835667317584
"CbMPDiCbraya","S14_2Z","S27_6D",0.000253300152727022,0.0134365485444998,0.743146505948006,0.00607161347520917,0.237092031879558
"CbMPDiCbraya","S14_2Z","S28_7B",0.00338792676078996,0.328186340753636,0.581788348544078,0.0120240393995513,0.0746133445419441
"CbMPDiCbraya","S14_2Z","S29_7Z",0.00561037287391336,0.126612498333266,0.73068140020988,0.012245155186462,0.124850573396478
"CbMPDiCbraya","S14_2Z","S3_10D",0,0.256046769628709,0.340612078613222,0.0113843227065413,0.391956829051528
"CbMPDiCbraya","S14_2Z","S30_7D",0.0188860557128826,0.1223415106697,0.738213493430781,0.0224557985434538,0.0981031416431828
"CbMPDiCbraya","S14_2Z","S31_8B",0.0260165807771128,0.112664085856145,0.692217100363945,0.0086416918988359,0.160460541103961
"CbMPDiCbraya","S14_2Z","S32_8Z",0.000147964539551599,0.0187437477025014,0.825657727772062,0.00866628806430616,0.146784271921579
"CbMPDiCbraya","S14_2Z","S33_8D",0.00184350446717385,0.140067008356262,0.581279375404829,0.0097293608583184,0.267080750913418
"CbMPDiCbraya","S14_2Z","S34_9B",0.00024588838821415,0.140652460968051,0.721497431432221,0.014202903292353,0.123401315919162
"CbMPDiCbraya","S14_2Z","S35_9Z",0.00241807608379657,0.162423075149506,0.669989545522969,0.01443717667483,0.150732126568898
"CbMPDiCbraya","S14_2Z","S36_9D",0.000308282851613733,0.0805607354420955,0.727125935426208,0.0220301078474792,0.169974938432604
"CbMPDiCbraya","S14_2Z","S4_11B",0.0167737432476742,0.0675701708130041,0.704066913465434,0.00188881579628344,0.209700356677604
"CbMPDiCbraya","S14_2Z","S5_11Z",0.00648216817260832,0.0964989487741604,0.724557956210281,0.0015829647815774,0.170877962061373
"CbMPDiCbraya","S14_2Z","S6_11D",0.0213170066096716,0.0627805552691661,0.76203498404228,0.00528600666996901,0.148581447408913
"CbMPDiCbraya","S14_2Z","S7_12B",0.00346930095529162,0.166863638549519,0.322519514993092,0.0144266894005624,0.492720856101534
"CbMPDiCbraya","S14_2Z","S8_12Z",0.00308217128810374,0.139409553570783,0.416007387098073,0.00402098400008047,0.43747990404296
"CbMPDiCbraya","S14_2Z","S9_12D",5.45119494952347e-05,0.159654584120846,0.3873985083502,0.00699148045153891,0.44590091512792
"CbMPDiCbraya","S15_2D","S16_3B",0.00859443443844241,0.0413625359103,0.782356499301903,0.00849041071228626,0.159196119637069
"CbMPDiCbraya","S15_2D","S17_3Z",0.00371464189317956,0.221886238866375,0.160614861130673,0.00562795294454593,0.608156305165227
"CbMPDiCbraya","S15_2D","S18_3D",0.00482135570918287,0.143590374245921,0.32275202287447,0.00723378394544315,0.521602463224983
"CbMPDiCbraya","S15_2D","S19_4B",0.00376557164065456,0.190028538751572,0.33911341424739,0.00604648281240185,0.461045992547981
"CbMPDiCbraya","S15_2D","S2_10Z",0.000812431343830099,0.108960469552143,0.732467397702785,0.0159642983099782,0.141795403091263
"CbMPDiCbraya","S15_2D","S20_4Z",0,0.0802978266381893,0.515990847534257,0.00411244124051333,0.39959888458704
"CbMPDiCbraya","S15_2D","S21_4D",0.00491401423295751,0.450730327391273,0.398652970279086,0.0128814013809984,0.132821286715685
"CbMPDiCbraya","S15_2D","S22_5B",0,0.0648444995192791,0.698835529808898,0.00796528965072915,0.228354681021094
"CbMPDiCbraya","S15_2D","S23_5Z",8.2434978533524e-05,0.126257978863851,0.315041372503342,0.00410329789074608,0.554514915763528
"CbMPDiCbraya","S15_2D","S24_5D",0.00357012083485903,0.217787325279289,0.595879891623284,0.00294290429157081,0.179819757970997
"CbMPDiCbraya","S15_2D","S25_6B",0,0.0133768001113826,0.456239160046685,0.0105362241766568,0.519847815665276
"CbMPDiCbraya","S15_2D","S26_6Z",5.07968759921265e-05,0.148314839126912,0.714252052503714,0.00707726521505123,0.13030504627833
"CbMPDiCbraya","S15_2D","S27_6D",0.00373031856462834,0.00685411264181575,0.760988376995495,0.00761170408325705,0.220815487714804
"CbMPDiCbraya","S15_2D","S28_7B",0.000728165353751793,0.330806499459666,0.58888304939375,0.00169525556296242,0.0778870302298696
"CbMPDiCbraya","S15_2D","S29_7Z",5.97740286878009e-05,0.129513245535066,0.769716958808995,0,0.100710021627251
"CbMPDiCbraya","S15_2D","S3_10D",0,0.128918972332109,0.727173227529424,0.00661317165670086,0.137294628481766
"CbMPDiCbraya","S15_2D","S30_7D",0,0.114335870757568,0.766493379069757,0.0109596179780254,0.108211132194649
"CbMPDiCbraya","S15_2D","S31_8B",0.0291788321385152,0.11022744929312,0.699762765285059,0.00063861285732577,0.16019234042598
"CbMPDiCbraya","S15_2D","S32_8Z",0.000537252184192042,0.0903287793642274,0.776353286874824,0.0101491451221982,0.122631536454559
"CbMPDiCbraya","S15_2D","S33_8D",0,0.198251959279887,0.603949860626306,0.00708982525001487,0.190708354843793
"CbMPDiCbraya","S15_2D","S34_9B",0.00271366424357792,0.128867181281203,0.787133978158756,0.0139674310054022,0.0673177453110609
"CbMPDiCbraya","S15_2D","S35_9Z",0.00351126058666994,0.148102116827002,0.699201903752859,0.00855328866106972,0.140631430172399
"CbMPDiCbraya","S15_2D","S36_9D",0,0.0824779530359412,0.826717595325583,0.0128817308990904,0.0779227207393857
"CbMPDiCbraya","S15_2D","S4_11B",0.00770975159507691,0.153556185828752,0.656957416830876,0.00575308806873442,0.176023557676561
"CbMPDiCbraya","S15_2D","S5_11Z",0.0070774047676814,0.0931575838766462,0.701464580493243,0.00283307565487333,0.195467355207556
"CbMPDiCbraya","S15_2D","S6_11D",0.021504373731288,0.127539335972567,0.706766060387907,0.00568195021943471,0.138508279688803
"CbMPDiCbraya","S15_2D","S7_12B",0.00404103340021983,0.192970177001806,0.30010661438379,0.00608645123653753,0.496795723977647
"CbMPDiCbraya","S15_2D","S8_12Z",0.00371525871584596,0.150198754897836,0.407705223105699,0.00443541801716955,0.433945345263449
"CbMPDiCbraya","S15_2D","S9_12D",0,0.160375424318595,0.395843641774199,0.00654232397753568,0.437238609929671
"CbMPDiCbraya","S16_3B","S17_3Z",0.00176244617999038,0.0433534737874856,0.56317866489931,0.0143559632425299,0.377349451890685
"CbMPDiCbraya","S16_3B","S18_3D",0.000620058930974718,0.0489513097479085,0.766549252629668,0.00757889988996956,0.176300478801479
"CbMPDiCbraya","S16_3B","S19_4B",0.000991398723168494,0.0590369867566263,0.724651716107858,0.006109826438866,0.209210071973481
"CbMPDiCbraya","S16_3B","S2_10Z",0.00461614601342761,0.0734419852980482,0.700046978109659,0.00829406757625246,0.213600823002612
"CbMPDiCbraya","S16_3B","S20_4Z",0.00309298211056771,0.0382385770576868,0.744910114675949,0.00411446513232347,0.209643861023473
"CbMPDiCbraya","S16_3B","S21_4D",0.00387332403361066,0.0309893930958237,0.689079174943443,0.00152839899335765,0.274529708933765
"CbMPDiCbraya","S16_3B","S22_5B",0.0642584635626374,0.102018410146812,0.682972612528206,0.0163972544679729,0.134353259294372
"CbMPDiCbraya","S16_3B","S23_5Z",0.00181643176942622,0.143763652846385,0.546520395973934,0.00173387476709348,0.306165644643161
"CbMPDiCbraya","S16_3B","S24_5D",0.000570871899630193,0.243051587387445,0.604023372502907,0.00640527954341936,0.145948888666598
"CbMPDiCbraya","S16_3B","S25_6B",0.00148688656926157,0.05376708582007,0.743913143685996,0.00712019452088558,0.193712689403787
"CbMPDiCbraya","S16_3B","S26_6Z",0.00389453447628128,0.257245850341451,0.659981209057723,0.00277149796225184,0.0761069081622925
"CbMPDiCbraya","S16_3B","S27_6D",0.00273090334073764,0.0803736588378665,0.6994533290411,0.00277948627295454,0.214662622507341
"CbMPDiCbraya","S16_3B","S28_7B",0.00205058964362933,0.104700221565087,0.803056662699148,0.0125548834688119,0.0776376426233238
"CbMPDiCbraya","S16_3B","S29_7Z",0.00224187789054173,0.145936291473681,0.754016368128867,0.00819777085260006,0.0896076916543107
"CbMPDiCbraya","S16_3B","S3_10D",0.00555792071213856,0.0731266560124853,0.671568309081026,0.00600091127493389,0.243746202919417
"CbMPDiCbraya","S16_3B","S30_7D",0.0015277942685666,0.118408320176308,0.811550213205652,0.0110890170688471,0.0574246552806263
"CbMPDiCbraya","S16_3B","S31_8B",0.00364439516313772,0.162578809866386,0.687089731285265,0.00407180981908204,0.142615253866129
"CbMPDiCbraya","S16_3B","S32_8Z",0.000879019225331915,0.099960048152196,0.650126105331739,0.00689028487107712,0.242144542419656
"CbMPDiCbraya","S16_3B","S33_8D",0.000405270619707454,0.123391749604727,0.552870271335917,0.0076075579887668,0.315725150450882
"CbMPDiCbraya","S16_3B","S34_9B",0.0027136818867145,0.0894533199416895,0.784517033193766,0.0330420777254444,0.0902738872523852
"CbMPDiCbraya","S16_3B","S35_9Z",0.0367775292864401,0.105632840825634,0.67734194639725,0.0379266472132736,0.142321036277402
"CbMPDiCbraya","S16_3B","S36_9D",0.0421202994533277,0.118695174236597,0.765153536670525,0.0422956633791721,0.0317353262603784
"CbMPDiCbraya","S16_3B","S4_11B",0.00189745661063126,0.107663405237391,0.710392924994097,0.00802668038275426,0.172019532775127
"CbMPDiCbraya","S16_3B","S5_11Z",0.00174792837771486,0.0388389976844563,0.701216938094736,0.00975161315292468,0.248444522690169
"CbMPDiCbraya","S16_3B","S6_11D",0.0153844756487428,0.0903245837274882,0.746208075885627,0.015364707512313,0.132718157225829
"CbMPDiCbraya","S16_3B","S7_12B",0.00572113965659042,0.0380018489225429,0.703037935804539,0.0033518661963549,0.249887209419973
"CbMPDiCbraya","S16_3B","S8_12Z",0.00493769302979824,0.0114174073606936,0.712792353294733,0.00370835141497301,0.267144194899802
"CbMPDiCbraya","S16_3B","S9_12D",0.00346195513028138,0.0084129225420719,0.72850218800679,0.0100652960051963,0.24955763831566
"CbMPDiCbraya","S17_3Z","S18_3D",0,0.611928485193525,0.0298208770341578,0.0102562406408173,0.3479943971315
"CbMPDiCbraya","S17_3Z","S19_4B",0.00728462046209429,0.221466374928328,0.351877752577815,0.0103595044212456,0.409011747610517
"CbMPDiCbraya","S17_3Z","S2_10Z",0,0.444595571373788,0.162897462418725,0.012042235529028,0.380464730678459
"CbMPDiCbraya","S17_3Z","S20_4Z",0,0.207502121059132,0.374537164853912,0.00298524456897149,0.414975469517985
"CbMPDiCbraya","S17_3Z","S21_4D",0,0.202204727836557,0.344908745554232,0.0166640062292787,0.436222520379933
"CbMPDiCbraya","S17_3Z","S22_5B",0.0693161685035148,0.216769972640753,0.3211871129402,0.00112049386252715,0.391606252053005
"CbMPDiCbraya","S17_3Z","S23_5Z",0.00594201636775205,0.319722526235075,0.165317248022278,0.00410526886931928,0.504912940505575
"CbMPDiCbraya","S17_3Z","S24_5D",6.72272384084727e-05,0.20494848973877,0.36036921953647,0.0129668920181616,0.42164817146819
"CbMPDiCbraya","S17_3Z","S25_6B",0.136938446804806,0.0264091115478693,0.387864325348043,0.000288396013926278,0.448499720285355
"CbMPDiCbraya","S17_3Z","S26_6Z",0.000882533252500287,0.17679102107282,0.419749760900109,0.000327400426862256,0.402249284347708
"CbMPDiCbraya","S17_3Z","S27_6D",0,0.155217229798229,0.370979504451714,0.000511510680104604,0.473291755069952
"CbMPDiCbraya","S17_3Z","S28_7B",0.000510645746828047,0.286671126729776,0.442802921425913,0.00713207466240487,0.262883231435078
"CbMPDiCbraya","S17_3Z","S29_7Z",0.00124689506060478,0.12763046078057,0.624313552480202,0.00021073206936299,0.24659835960926
"CbMPDiCbraya","S17_3Z","S3_10D",0,0.36814796339698,0.1916866511464,0.00349509753719941,0.43667028791942
"CbMPDiCbraya","S17_3Z","S30_7D",0.0109826510880519,0.130766185284037,0.456370474086185,0.000851934008660706,0.401028755533065
"CbMPDiCbraya","S17_3Z","S31_8B",0,0.2166525268119,0.545549987469793,0.00228118395999323,0.235516301758314
"CbMPDiCbraya","S17_3Z","S32_8Z",0.00282424537453449,0.276756980632379,0.195127732180679,0.00154665474382317,0.523744387068584
"CbMPDiCbraya","S17_3Z","S33_8D",0,0.284348043594187,0.394919955077395,0.000207277612370466,0.320524723716048
"CbMPDiCbraya","S17_3Z","S34_9B",0,0.131028961693334,0.493775645180738,0.010447830247133,0.364747562878795
"CbMPDiCbraya","S17_3Z","S35_9Z",0.0118282792751549,0.294449397540442,0.468616486648952,0.0227020114363653,0.202403825099086
"CbMPDiCbraya","S17_3Z","S36_9D",0.0375687913685799,0.0977547799307058,0.496249734270086,0.0242415379180123,0.344185156512616
"CbMPDiCbraya","S17_3Z","S4_11B",0,0.308602714956818,0.27509059668477,0.00388449076376689,0.412422197594645
"CbMPDiCbraya","S17_3Z","S5_11Z",0,0.243381598948576,0.288206248118283,0.0164447621768259,0.451967390756315
"CbMPDiCbraya","S17_3Z","S6_11D",0,0.12237106335101,0.465698690505052,0.00323625942661804,0.408693986717321
"CbMPDiCbraya","S17_3Z","S7_12B",0.000935829083219972,0.136520773929497,0.398498984688962,0.0105122831947871,0.453532129103534
"CbMPDiCbraya","S17_3Z","S8_12Z",0.00113378411113939,0.119905295194983,0.454298039090202,0.00287065082808724,0.421792230775588
"CbMPDiCbraya","S17_3Z","S9_12D",0.000617313105340743,0.137032970516189,0.422632376252332,0.0100131051545534,0.429704234971585
"CbMPDiCbraya","S18_3D","S19_4B",0,0.131426553562364,0.475218527777547,0.0089160702706248,0.384438848389464
"CbMPDiCbraya","S18_3D","S2_10Z",0.00847928829580206,0.328499547420275,0.505913446561978,0.0044350990499454,0.152672618671999
"CbMPDiCbraya","S18_3D","S20_4Z",0,0.118770184834845,0.441329780455694,0.015968868517457,0.423931166192004
"CbMPDiCbraya","S18_3D","S21_4D",0,0.119260355747454,0.401163085278834,0.00937059955535162,0.47020595941836
"CbMPDiCbraya","S18_3D","S22_5B",0.0646640204014819,0.128478737309545,0.421404597397014,0.00495777944938496,0.380494865442575
"CbMPDiCbraya","S18_3D","S23_5Z",0.00245625720348683,0.228206345196901,0.2686056126438,0.00177128614237494,0.498960498813438
"CbMPDiCbraya","S18_3D","S24_5D",0,0.265690802973454,0.526955045418957,0.0019386709742794,0.20541548063331
"CbMPDiCbraya","S18_3D","S25_6B",0.00207268602295184,0.0233204876174196,0.379549144832573,0.00378520704141975,0.591272474485635
"CbMPDiCbraya","S18_3D","S26_6Z",0.0165172608752251,0.0290228258134769,0.75596564238942,0.000981772707311128,0.197512498214567
"CbMPDiCbraya","S18_3D","S27_6D",0.0160968731383549,0.0814857858679626,0.663392404479725,0.000586917589534878,0.238438018924422
"CbMPDiCbraya","S18_3D","S28_7B",0.000493439572443851,0.319152403256121,0.479892024844825,0.00522370142344577,0.195238430903164
"CbMPDiCbraya","S18_3D","S29_7Z",0.00335875876626101,0.195550585802243,0.599472329521169,0.000380103709819323,0.201238222200507
"CbMPDiCbraya","S18_3D","S3_10D",0.000301506245009177,0.273817427731983,0.542787098457791,0.0135682923058937,0.169525675259324
"CbMPDiCbraya","S18_3D","S30_7D",0.000907153333110062,0.151568197700804,0.637796811635368,0.000320877113068716,0.209406960217649
"CbMPDiCbraya","S18_3D","S31_8B",0.0023572179967895,0.118046122186165,0.734182832297974,0.00112692410446792,0.144286903414604
"CbMPDiCbraya","S18_3D","S32_8Z",0,0.181373144096107,0.664522229586518,0.000612622487729067,0.153492003829646
"CbMPDiCbraya","S18_3D","S33_8D",0.00018430485011855,0.246888031734277,0.567204981287665,0.000258521189074124,0.185464160938865
"CbMPDiCbraya","S18_3D","S34_9B",0.00195455152352264,0.129595101233115,0.706670032494752,0.00916823423832843,0.152612080510282
"CbMPDiCbraya","S18_3D","S35_9Z",0.0143805887453105,0.202323526791292,0.645587335292053,0.00683703294283624,0.130871516228509
"CbMPDiCbraya","S18_3D","S36_9D",0.0804033377882836,0.106469843845911,0.690310762728856,0.0126170166240055,0.110199039012944
"CbMPDiCbraya","S18_3D","S4_11B",0.000314243962068462,0.089577677827325,0.734847364748747,0.00690414445566228,0.168356569006197
"CbMPDiCbraya","S18_3D","S5_11Z",0.00144370706717895,0.129805062556683,0.680009132728901,0.0158565397725578,0.172885557874679
"CbMPDiCbraya","S18_3D","S6_11D",0,0.0418130358663561,0.743454574478828,0.00734026279319992,0.207392126861616
"CbMPDiCbraya","S18_3D","S7_12B",0,0.0894632461312449,0.396256568728011,0.00556063394046907,0.508719551200275
"CbMPDiCbraya","S18_3D","S8_12Z",0.00179180925242895,0.0690567409625744,0.424404242069786,0.00926395344712012,0.495483254268091
"CbMPDiCbraya","S18_3D","S9_12D",0,0.0882545671557858,0.393647867545401,0.010332544260944,0.507765021037869
"CbMPDiCbraya","S19_4B","S2_10Z",0.00774019238743565,0.324465612406898,0.351587812838193,0.00286394356304983,0.313342438804423
"CbMPDiCbraya","S19_4B","S20_4Z",0.000250090110452839,0.143570097406289,0.526829303092761,0.0107925930991271,0.31855791629137
"CbMPDiCbraya","S19_4B","S21_4D",0,0.131653046915224,0.379257020098853,0.0143853708866359,0.474704562099287
"CbMPDiCbraya","S19_4B","S22_5B",0.0886591215764571,0.0760935436065659,0.588185974455668,0.00795098135953459,0.239110379001775
"CbMPDiCbraya","S19_4B","S23_5Z",0.0229707112970711,0.212008164341462,0.35604287660981,0.000812225582630094,0.408166022169028
"CbMPDiCbraya","S19_4B","S24_5D",0.000585300633416036,0.0962698168350939,0.641466335662853,0.0136913587315114,0.247987188137125
"CbMPDiCbraya","S19_4B","S25_6B",0.0356198207806407,0.0893813907706059,0.585992213195446,0.000378430086664383,0.288628145166643
"CbMPDiCbraya","S19_4B","S26_6Z",0.0295187932500729,0.138406722243904,0.56807636321998,0.00025178061381861,0.263746340672224
"CbMPDiCbraya","S19_4B","S27_6D",0.0150156570729918,0.0627426864612395,0.578929179467195,0.00592367068954361,0.33738880630903
"CbMPDiCbraya","S19_4B","S28_7B",0.00653536143111601,0.131002671300166,0.587965654555132,0.00702327825074716,0.267473034462839
"CbMPDiCbraya","S19_4B","S29_7Z",0.000482521484733412,0.125976979713687,0.589144515753596,0.0017500680241498,0.282645915023834
"CbMPDiCbraya","S19_4B","S3_10D",0.000448037383692105,0.25688006932242,0.395455672612404,0.00244475206017224,0.344771468621311
"CbMPDiCbraya","S19_4B","S30_7D",0.0112767195499491,0.0606382698926529,0.645972370316761,0.00754927801847057,0.274563362222167
"CbMPDiCbraya","S19_4B","S31_8B",0,0.153274156691316,0.552310578667995,0.00326933079510467,0.291145933845584
"CbMPDiCbraya","S19_4B","S32_8Z",0.00248722591433857,0.131687073406288,0.527204873644344,0.00225492224873942,0.33636590478629
"CbMPDiCbraya","S19_4B","S33_8D",0.0367600283263727,0.150113654027769,0.41594044438786,0.00236262473857433,0.394823248519425
"CbMPDiCbraya","S19_4B","S34_9B",0.00548345784460535,0.176593457753707,0.581413397578857,0.0211205806995474,0.215389106123283
"CbMPDiCbraya","S19_4B","S35_9Z",0.00654687553274337,0.2301057797633,0.533524024909282,0.0256699131890437,0.204153406605631
